-3 1.00001 -1.69118e-06 0.00158965 1.8521e-05 0.999999 -4.91306e-05 -0.000211196 7.79761e-06 1.00468e-10 3.11956e-10 6.52959e-12
-3 1.00001 -1.69176e-06 0.00158965 1.88886e-05 0.999999 -4.91303e-05 -0.000211196 7.79799e-06 9.7208e-11 3.02277e-10 8.95876e-12
-3 1.00001 -1.69255e-06 0.00158965 1.93837e-05 0.999999 -4.91299e-05 -0.000211196 7.79851e-06 1.02882e-10 3.19207e-10 1.01172e-11
-3 1.00001 -1.69317e-06 0.00158965 1.9775e-05 0.999999 -4.91295e-05 -0.000211196 7.79892e-06 1.02069e-10 3.168e-10 1.11232e-11
-3 1.00001 -1.69399e-06 0.00158965 2.0292e-05 0.999999 -4.91291e-05 -0.000211196 7.79946e-06 9.30664e-11 2.89822e-10 1.04882e-11
-3 1.00001 -1.69478e-06 0.00158965 2.07871e-05 0.999999 -4.91287e-05 -0.000211197 7.79997e-06 1.04518e-10 3.2408e-10 8.47105e-12
-3 1.00001 -1.69538e-06 0.00158965 2.11675e-05 0.999999 -4.91283e-05 -0.000211197 7.80037e-06 9.3838e-11 2.92128e-10 8.53088e-12
-2.99968 1.00001 -1.69807e-06 0.00158965 2.18103e-05 0.999999 -4.95455e-05 -0.000213299 7.54401e-06 1.51463e-05 5.48447e-05 -3.89776e-06
-2.99473 1.00001 -1.70228e-06 0.00158958 2.32567e-05 0.999999 -0.00010992 -0.000398782 -7.04156e-06 0.0555687 0.00590887 -0.0121853
-2.98793 1.00001 -1.76363e-06 0.00159011 2.44276e-05 0.999999 1.19224e-06 -0.000170539 1.75765e-05 0.000518637 1.90582e-05 -1.68789e-05
-2.97825 1.00001 -1.93691e-06 0.00159097 2.58771e-05 0.999999 4.24245e-07 -0.000148599 1.82937e-05 0.000462409 -1.3866e-06 -3.2626e-05
-2.96317 1.00001 -2.19891e-06 0.0015925 2.80005e-05 0.999999 -8.1513e-06 -9.20798e-05 1.79421e-05 -0.000688457 -2.02893e-06 -2.95678e-05
-2.94979 1.00001 -1.19939e-06 0.00159275 2.70871e-05 0.999999 -3.58891e-06 -8.75386e-05 0.000362921 -0.0455481 0.00420407 -0.00052359
-2.93498 1.00001 -2.27513e-06 0.00159216 3.68644e-05 0.999999 4.59032e-06 -7.00699e-05 1.90459e-05 -0.000541903 -1.23992e-06 3.94723e-05
-2.92504 1.00001 -1.88768e-06 0.00159098 3.91383e-05 0.999999 6.56632e-06 -0.000140027 2.37559e-05 0.000388501 4.81141e-06 2.3821e-05
-2.91344 1.00001 -1.73235e-06 0.00159005 4.1846e-05 0.999999 3.78597e-06 -0.000162782 2.95952e-05 0.000550365 3.58968e-06 1.12069e-05
-2.90346 1.00001 -1.72275e-06 0.00158967 4.47455e-05 0.999999 -4.91648e-05 -0.000209652 3.01705e-05 0.000600462 5.99561e-06 -1.01018e-06
-2.89347 1.00002 -1.74619e-06 0.00158974 4.80517e-05 0.999999 -4.75507e-05 -0.000210869 3.27398e-05 0.00061535 1.02575e-05 -3.43939e-05
-2.88009 1.00002 -1.84959e-06 0.00159032 5.14874e-05 0.999999 1.01169e-06 -0.00016485 3.6126e-05 0.000564875 -7.36403e-07 -2.15468e-05
-2.87004 1.00002 -2.09239e-06 0.00159152 5.48702e-05 0.999999 9.70604e-07 -0.000134062 3.32847e-05 0.000325761 2.37725e-05 -4.01482e-05
-2.85497 1.00002 -2.25143e-06 0.00159269 5.95852e-05 0.999999 -7.14823e-06 -7.57615e-05 3.69518e-05 -0.00081438 6.7182e-06 -4.52817e-05
-2.84497 1.00002 -1.86894e-06 0.00159237 6.26449e-05 0.999999 -0.000118421 -0.000139613 0.000326801 -0.0421742 -0.000525637 0.0011932
-2.83349 1.00002 -2.33242e-06 0.00159219 7.26685e-05 0.999999 4.3293e-06 -6.96225e-05 4.06811e-05 -0.000548058 1.18066e-06 4.14045e-05
-2.81857 1.00003 -1.90199e-06 0.00159072 7.87098e-05 0.999999 5.5665e-06 -0.000146342 4.89253e-05 0.000446761 5.87979e-06 2.05391e-05
-2.80861 1.00003 -1.79348e-06 0.00158992 8.42474e-05 0.999999 -1.51344e-05 -0.00017932 5.40046e-05 0.000569038 -3.20647e-06 5.53787e-05
-2.79529 1.00003 -1.80765e-06 0.00158964 9.01951e-05 0.999999 -5.00305e-05 -0.000211348 5.6869e-05 0.000633768 6.42636e-05 2.21041e-06
-2.78363 1.00003 -1.87012e-06 0.00159004 9.87147e-05 0.999999 2.23132e-06 -0.000170121 6.60258e-05 0.000551382 2.28608e-05 -0.000158039
-2.76857 1.00003 -2.12441e-06 0.00159127 0.000104923 0.999999 2.19716e-06 -0.000140588 2.41453e-05 0.000393151 -9.49857e-07 -3.6633e-05
-2.75852 1.00004 -2.34216e-06 0.00159238 0.000109468 0.999999 -1.64818e-05 -8.84685e-05 6.68445e-05 -0.000641853 -1.00163e-06 -3.08741e-05
-2.74348 1.00004 -1.42915e-06 0.00159287 0.000117376 0.999999 4.64606e-05 -7.90159e-05 -5.33858e-05 -0.0208724 -0.00166764 -0.000841495
-2.73031 1.00004 -2.47551e-06 0.00159234 0.000133473 0.999999 4.8632e-06 -6.59607e-05 7.84364e-05 -0.00066143 3.78892e-07 5.71208e-05
-2.71539 1.00005 -2.04647e-06 0.00159092 0.000144567 0.999999 5.6947e-06 -0.000142277 8.83055e-05 0.000409919 7.43045e-06 2.26995e-05
-2.70379 1.00005 -1.91567e-06 0.00158993 0.000156172 0.999999 -1.55689e-05 -0.000179474 9.77655e-05 0.000569171 -7.89826e-07 5.54329e-05
-2.69381 1.00005 -1.92615e-06 0.00158965 0.000165074 0.999999 -4.88499e-05 -0.000210583 6.40321e-05 0.00061282 4.92497e-06 1.57376e-06
-2.6838 1.00006 -1.96163e-06 0.00158981 0.000175011 0.999999 -3.14331e-05 -0.00019905 0.000111165 0.000601136 5.72893e-06 -5.01502e-05
-2.66876 1.00006 -2.15276e-06 0.00159077 0.000184427 0.999999 2.97445e-06 -0.000153329 3.36884e-05 0.000499276 -2.20658e-06 -2.95975e-05
-2.65871 1.00007 -2.41117e-06 0.00159204 0.000186991 0.999999 4.50229e-06 -0.000125908 3.40112e-05 -0.000451559 -1.20432e-06 -2.79126e-05
-2.6453 1.00007 -2.63255e-06 0.00159265 0.000196822 0.999999 1.8651e-05 -6.72549e-05 0.000118358 -0.00106048 -8.08073e-06 -2.3482e-05
-2.6354 1.00008 -2.89804e-06 0.00159025 0.000213935 0.999999 -5.20089e-05 3.05051e-05 0.000180839 0.0602403 0.00190347 -0.00686344
-2.62549 1.00008 -2.56195e-06 0.0015923 0.000227981 0.999999 2.396e-06 -6.94705e-05 0.000135551 -0.00055227 5.04351e-06 4.63215e-05
-2.61057 1.00009 -2.192e-06 0.00159075 0.000248022 0.999999 4.33211e-06 -0.000146662 0.000151734 0.000449375 1.13277e-05 2.05679e-05
-2.60061 1.00009 -2.10502e-06 0.00158997 0.000263502 0.999999 -1.08144e-05 -0.000175238 0.000133243 0.00057395 -2.36452e-06 5.93519e-05
-2.58898 1.0001 -2.1084e-06 0.00158965 0.000276034 0.999999 -4.89695e-05 -0.000211816 6.90824e-05 0.000446161 3.92113e-06 1.49887e-07
-2.57897 1.00011 -2.14807e-06 0.00158987 0.000287154 0.999999 -2.18506e-05 -0.000191432 9.97893e-05 0.000597569 8.62704e-06 -5.45652e-05
-2.56558 1.00011 -2.34265e-06 0.00159084 0.000295306 0.999999 3.1185e-06 -0.000151466 3.12531e-05 0.00048578 -2.03371e-06 -3.07252e-05
-2.55387 1.00012 -1.84453e-06 0.00159294 0.000299405 0.999999 -8.56192e-05 -0.00160639 0.000218128 0.439905 0.00230839 3.92776e-05
-2.54306 1.00013 -2.49156e-06 0.00159258 0.000314325 0.999999 2.07132e-05 -9.11662e-05 0.000224991 0.00338024 -0.000111747 -0.000262385
-2.52621 1.00014 -2.64783e-06 0.00159242 0.000353685 0.999999 -2.82817e-06 -6.83324e-05 0.000233442 0.00676183 1.96151e-05 -0.00166928
-2.51226 1.00015 -2.48397e-06 0.00159116 0.000376467 0.999999 4.75258e-06 -0.000144744 0.000216223 0.000533743 2.21261e-05 3.06709e-05
-2.49831 1.00016 -2.31522e-06 0.00159006 0.000392455 0.999999 3.77385e-06 -0.000165692 0.000141278 0.000781374 1.57878e-05 1.28134e-05
-2.48088 1.00017 -2.31859e-06 0.00158971 0.000409246 0.999999 -4.60518e-05 -0.000208827 0.000132264 0.00110346 1.95549e-05 -7.92987e-05
-2.45948 1.00019 -2.64285e-06 0.00159136 0.000417642 0.999999 1.43993e-06 -0.000129291 1.73611e-05 0.000582623 -3.19891e-06 -6.61148e-05
-2.44343 1.00021 -3.05414e-06 0.00159258 0.000421022 0.999999 5.87168e-06 -7.45364e-05 0.000106703 -0.00124165 3.68852e-07 -4.35843e-05
-2.4275 1.00022 -2.95362e-06 0.00159154 0.0004602 0.999999 5.5289e-05 0.000266298 0.000426518 0.0617102 -0.000549327 -0.00363149
-2.41688 1.00023 -2.80807e-06 0.00159195 0.000483086 0.999999 4.99555e-06 -0.000125239 0.000242931 -0.000177756 2.70892e-05 0.000143464
-2.39559 1.00025 -2.48247e-06 0.00158989 0.000507573 0.999999 -2.40996e-05 -0.000189723 0.000119488 0.00091679 7.01003e-06 7.22235e-05
-2.3796 1.00027 -2.48615e-06 0.00158969 0.00051644 0.999999 -4.76602e-05 -0.000212112 0.000150148 0.000721271 9.71264e-06 -1.07917e-05
-2.35557 1.00029 -2.76414e-06 0.00159111 0.000525704 0.999999 1.8159e-06 -0.000136525 2.04507e-05 0.000681085 -2.66704e-06 -6.10384e-05
-2.33687 1.00031 -3.25281e-06 0.00159254 0.000536017 0.999999 2.07235e-05 -7.83611e-05 0.000432805 -0.00204245 -1.33432e-05 5.72606e-05
-2.3156 1.00034 -3.0678e-06 0.00159234 0.000593182 0.999999 4.5089e-06 -0.000104189 0.000240804 -0.000635682 1.65655e-05 9.14151e-05
-2.29965 1.00035 -2.75084e-06 0.00159051 0.000615261 0.999999 4.47078e-06 -0.000158566 0.000179029 0.000801908 2.26881e-05 2.21655e-05
-2.28369 1.00037 -2.66102e-06 0.00158967 0.000628802 0.999999 -4.84323e-05 -0.000210854 7.06877e-05 0.000968536 1.35264e-05 -3.21605e-06
-2.25967 1.0004 -2.79963e-06 0.00159038 0.000640838 0.999999 2.77449e-06 -0.00015785 4.72307e-05 0.000890765 7.08399e-07 -4.14392e-05
-2.2356 1.00044 -3.41182e-06 0.00159258 0.00064573 0.999999 6.34619e-06 -7.43253e-05 0.000104216 -0.00124542 -9.37196e-07 -4.29624e-05
-2.22495 1.00045 -3.5445e-06 0.001591 0.000698425 0.999998 5.60022e-05 0.000141409 0.00068788 0.0765917 -0.000723495 -0.00414509
-2.20108 1.00048 -3.04874e-06 0.00159112 0.000732408 0.999998 5.0802e-06 -0.000148102 0.000210426 0.000621557 2.63978e-05 3.23746e-05
-2.18512 1.00051 -2.86082e-06 0.00158978 0.000750205 0.999998 -3.7734e-05 -0.000201021 0.000100759 0.000930342 1.30573e-05 5.31979e-05
-2.16376 1.00054 -2.92041e-06 0.00159 0.000762827 0.999998 -1.79761e-07 -0.000169798 7.73986e-05 0.000931915 4.07518e-05 -0.000194708
-2.1397 1.00058 -3.36983e-06 0.0015922 0.000767665 0.999998 2.86089e-07 -0.000107097 4.81959e-05 -0.00088872 -5.42154e-05 -2.21454e-05
-2.12367 1.0006 -3.05436e-06 0.00159223 0.000797955 0.999998 0.000137498 -0.000155276 0.000610431 -0.0258316 -0.00501381 -0.00127038
-2.10776 1.00063 -3.48477e-06 0.00159243 0.000846779 0.999998 4.48446e-06 -0.000107112 0.000241292 -0.00178546 6.38903e-05 0.000177663
-2.08918 1.00066 -3.10007e-06 0.00159015 0.000875194 0.999998 4.18602e-06 -0.000165206 0.000149863 0.000877679 2.08455e-05 1.5236e-05
-2.06785 1.0007 -3.07803e-06 0.0015897 0.000888715 0.999998 -4.69286e-05 -0.000210781 0.000149699 0.0013 -7.66106e-06 -0.000100797
-2.04918 1.00073 -3.33752e-06 0.00159104 0.000897154 0.999998 2.39285e-06 -0.000138583 2.11552e-05 0.00070687 -1.65051e-06 -5.94742e-05
-2.03313 1.00076 -3.77242e-06 0.00159246 0.000899273 0.999998 3.22178e-06 -7.95279e-05 5.44119e-05 -0.0014712 -6.59516e-06 -0.000112164
-2.01975 1.00078 -3.87768e-06 0.00159146 0.000947021 0.999998 -0.000254362 -6.06868e-05 0.00115973 -0.0302027 -0.00260788 0.00337865
-2.00384 1.00081 -3.6871e-06 0.00159227 0.000990963 0.999998 3.25371e-06 -0.000110651 0.000239339 -0.000770715 2.36529e-05 6.09116e-05
-1.98786 1.00083 2.21602e-06 0.00159049 -0.00250124 0.999996 -0.000311866 -0.000147012 -0.0995087 0.00282308 -0.00818468 -0.00144993
-1.97172 1.00063 1.71532e-05 0.00158963 -0.0118134 0.999929 -0.000356179 -0.00019047 -0.0997448 0.000561348 -0.00809499 4.39905e-05
-1.95288 0.999985 3.78457e-05 0.00158997 -0.0251442 0.999683 -0.000397382 -0.000137861 -0.100056 -7.89926e-06 -0.00817597 1.48695e-07
-1.93127 0.998709 5.76636e-05 0.00159102 -0.037945 0.999279 -0.000375909 -6.77759e-05 -0.0985569 -0.00490156 -0.00740113 8.32276e-05
-1.91265 0.997155 7.7163e-05 0.00159006 -0.0497435 0.998761 -0.000290099 -9.88755e-05 -0.0978103 -0.00298928 -0.00753238 -0.000440049
-1.89657 0.995477 9.33436e-05 0.00158927 -0.0586912 0.998275 -0.000121157 -7.81736e-06 -0.0943023 -0.01907 -0.00379838 0.00585104
-1.87516 0.992746 0.000112706 0.00158655 -0.0714954 0.99744 -0.000316581 -0.000107985 -0.100643 -0.00186701 -0.00791665 1.19314e-05
-1.85917 0.990324 0.000128315 0.00158586 -0.0820462 0.996627 -0.00039822 -2.12808e-05 -0.101069 -0.000145987 -0.00859159 -2.01164e-05
-1.84321 0.987577 0.000142762 0.00158532 -0.0916062 0.995794 -0.000498353 1.94159e-06 -0.0997637 -0.00535089 -0.00667053 6.78916e-05
-1.83267 0.985582 0.000157279 0.00158235 -0.100167 0.994969 -0.000491261 -6.46995e-05 -0.0968596 -0.000546462 -0.00823458 -0.0019942
-1.8169 0.982334 0.000166262 0.00158168 -0.105743 0.994392 -6.55604e-05 -0.000149793 0.00131358 0.000816804 -0.000241436 0.000277429
-1.796 0.977843 0.000167238 0.00158189 -0.105629 0.994404 -3.82318e-06 -0.000154615 0.000788746 8.44099e-05 2.5978e-05 -3.27089e-05
-1.78035 0.974481 0.000167702 0.00158235 -0.105704 0.994396 -5.25954e-05 -0.000154116 -0.00956555 -0.0475068 0.0203747 -0.000941759
-1.76482 0.971131 0.000167103 0.00158237 -0.106191 0.994344 -4.02319e-05 -0.000115627 -0.00182057 6.02573e-05 -0.000179369 -5.90901e-06
-1.74918 0.96775 0.000166205 0.00158315 -0.106325 0.99433 -0.000107062 -4.00431e-05 -0.00119976 -0.000391661 7.89875e-05 -5.13273e-06
-1.73358 0.964376 0.000166241 0.00158266 -0.106263 0.994337 -0.000163951 -5.45048e-05 0.00166876 0.01676 -0.00809862 -0.00246197
-1.71796 0.961 0.000166815 0.00158188 -0.106159 0.994348 -0.000100354 -0.00015121 0.00132244 0.00073599 -0.000211291 -6.11152e-05
-1.70233 0.957625 0.000167709 0.00158174 -0.106052 0.994359 -2.46963e-05 -0.000155921 0.00110675 0.000310239 -4.98328e-05 -1.21085e-05
-1.68409 0.953691 0.000168644 0.00158261 -0.106017 0.994363 -3.2449e-06 -0.000160839 -0.00119524 -0.00499214 0.000800429 0.000572007
-1.66332 0.9492 0.000167654 0.00158238 -0.10659 0.994302 -4.72328e-05 -0.000112434 -0.00186345 7.00315e-05 -0.000187929 -7.93368e-06
-1.6451 0.945246 0.000166719 0.00158322 -0.106745 0.994285 -0.000149441 -3.37988e-05 -8.51386e-05 -0.00432796 0.00222484 0.0002403
-1.6217 0.940167 0.000166925 0.00158248 -0.106588 0.994302 -0.000162765 -7.38153e-05 0.00121668 0.000171183 1.8718e-05 1.92669e-05
-1.60084 0.935645 0.000168322 0.00158168 -0.106432 0.994319 -2.45214e-05 -0.000155942 0.00109802 0.00028813 -4.00182e-05 -1.79402e-05
-1.57738 0.930565 0.000168983 0.00158228 -0.106465 0.994315 -4.72584e-05 -0.000151139 -0.00809055 -0.0445419 0.018951 0.00160784
-1.56184 0.92719 0.000168237 0.00158234 -0.106972 0.994261 -4.94625e-05 -0.000111443 -0.00187432 8.39815e-05 -0.000195358 3.92819e-06
-1.53839 0.922081 0.000167427 0.001583 -0.107118 0.994245 -0.000162152 -4.87377e-05 0.00113499 -0.0129474 0.00586608 0.000250501
-1.5228 0.918686 0.000167474 0.0015825 -0.106979 0.99426 -0.00016682 -6.86449e-05 0.00116148 0.000112153 4.27086e-05 2.21931e-05
-1.49937 0.913587 0.000168802 0.00158156 -0.106832 0.994276 -2.96641e-05 -0.000154414 0.00121666 0.000727823 -0.000236922 -2.88941e-05
-1.48897 0.911325 0.000169442 0.00158207 -0.10677 0.994282 2.90791e-05 -0.000149175 0.000211351 -0.000673532 0.00032665 -4.30842e-05
-1.47338 0.907939 0.000167736 0.00158042 -0.107252 0.994231 8.99355e-05 -6.12658e-05 -0.0035582 0.0492447 -0.0230282 0.000652583
-1.45256 0.903393 0.00016826 0.00158275 -0.107441 0.99421 -8.81748e-05 -5.80124e-05 -0.00155817 -0.0002599 -1.10407e-05 -5.30396e-06
-1.41097 0.894299 0.000168735 0.00158162 -0.107301 0.994225 -8.26797e-05 -0.000149387 0.00131975 0.000797722 -0.000225 -0.000128074
-1.37194 0.885783 0.000169474 0.00158119 -0.107644 0.994188 0.00040976 5.92887e-05 0.000200671 0.0268067 -0.0127911 0.000221056
-1.32771 0.876082 0.000168237 0.00158325 -0.107795 0.994172 -0.000171012 -0.000185648 0.000472273 -0.0238254 0.0114295 0.00443824
-1.29391 0.868669 0.000170242 0.00158153 -0.107575 0.994196 -1.78905e-05 -0.000155843 0.000976941 0.00019749 -1.11712e-05 -2.82152e-05
-1.25751 0.860688 0.000170139 0.00158208 -0.108121 0.994136 -4.39579e-05 -0.000113903 -0.0018402 5.59213e-05 -0.000180053 2.4163e-06
-1.22629 0.853812 0.000169025 0.00158278 -0.108179 0.99413 -0.000203606 6.83274e-05 0.000624189 0.0126611 -0.00619338 -0.00159194
-1.19249 0.846373 0.000170977 0.00158155 -0.107948 0.994155 -5.8402e-06 -0.000154941 0.000768808 9.73327e-05 1.66857e-05 -3.33848e-05
0.325821 0.531154 5.36107e-05 0.00158905 -0.0361771 0.999344 -0.000156345 -7.34491e-05 -0.0078592 0.0246794 -0.00290381 -0.00472957
0.34895 0.529476 5.61279e-05 0.00158892 -0.0362415 0.999342 -2.80238e-07 -0.000166213 -0.000611067 0.000594412 -0.000120433 -3.8892e-06
0.368883 0.528028 5.58498e-05 0.00158885 -0.0362882 0.99934 -8.85603e-05 -0.000193021 -0.000607396 0.00123554 -0.000236776 2.6553e-07
0.388858 0.526575 5.50431e-05 0.00159112 -0.0363473 0.999338 -7.55221e-05 -7.56066e-05 -4.75793e-05 -0.000397886 4.41429e-05 -5.39599e-05
0.408842 0.52512 5.57298e-05 0.00159178 -0.0362563 0.999341 -0.000141563 6.89549e-05 -0.000437815 0.0214744 -0.00342968 -0.00100889
0.428748 0.523674 5.39073e-05 0.00158901 -0.0364734 0.999333 -0.000102746 -9.21644e-05 -0.00759698 0.0265604 -0.00261354 -0.0113303
0.455255 0.521736 5.65939e-05 0.00158889 -0.0365365 0.999331 -2.34142e-06 -0.000164764 -0.000602348 0.000526476 -0.000123292 -0.000108541
0.475194 0.520275 5.62829e-05 0.00158889 -0.036587 0.999329 -9.23628e-05 -0.000191837 -0.000609942 0.0011744 -0.000225693 -4.48033e-05
0.488477 0.519301 5.5562e-05 0.00159075 -0.036638 0.999327 -7.42192e-05 -8.59264e-05 -0.000321341 -0.000145414 -2.09183e-05 -5.15443e-05
0.518434 0.517103 5.61923e-05 0.00159205 -0.0365395 0.999331 -8.08879e-05 1.34947e-05 0.00062653 0.0110352 -0.00174032 0.000836741
0.535002 0.51589 5.73345e-05 0.00159076 -0.0367979 0.999321 7.16528e-05 -0.000146705 0.000836893 -0.0402418 0.00624965 0.00785975
0.554885 0.514424 5.71126e-05 0.00158909 -0.0368168 0.999321 5.15245e-06 -0.000160781 -0.00052256 0.000971072 -0.000192048 2.24939e-05
0.574816 0.512952 5.67326e-05 0.00158891 -0.0368804 0.999318 -9.35085e-05 -0.000190682 -0.00061143 0.001172 -0.000230378 -2.84946e-05
0.598086 0.511232 5.59746e-05 0.00159124 -0.0369332 0.999316 -7.51558e-05 -7.07937e-05 8.93021e-05 -0.000493122 7.34211e-05 -6.22638e-05
0.618058 0.509754 5.66786e-05 0.00159192 -0.0368271 0.99932 3.18474e-05 -0.000173463 0.00139535 -0.0132995 0.00237164 -0.000145942
0.644561 0.507795 5.76063e-05 0.00158971 -0.0370916 0.999311 3.3799e-05 -0.000140109 -0.000200605 3.90579e-05 -1.73834e-05 9.23379e-05
0.664469 0.506315 5.74736e-05 0.00158876 -0.0371298 0.999309 -9.37655e-06 -0.000166883 -0.000546294 0.000788173 -0.000168681 1.45115e-05
0.687706 0.504585 5.69936e-05 0.00158937 -0.0371933 0.999307 -0.000113534 -0.000138541 -0.000604827 0.00103784 -0.00022158 3.92419e-08
0.704392 0.50334 5.64435e-05 0.00159128 -0.0372253 0.999306 -7.4807e-05 -6.88425e-05 0.000144879 -0.000555171 8.72172e-05 -5.31722e-05
0.724353 0.501853 5.65528e-05 0.00159244 -0.037138 0.999309 -1.57527e-05 -0.000115957 -1.95977e-05 -0.0325094 0.00469127 0.00743458
0.744183 0.500376 5.80185e-05 0.00159006 -0.0373843 0.9993 5.52755e-05 -0.000125274 0.000182136 -0.00576298 0.000958969 0.00187493
0.764088 0.498884 5.79962e-05 0.00158888 -0.0374125 0.999299 -2.37466e-06 -0.000164053 -0.000596256 0.0012006 -0.000245538 1.74442e-05
0.787315 0.497142 5.75624e-05 0.0015891 -0.0374784 0.999296 -0.000101259 -0.000183806 -0.000613516 0.00113426 -0.000233564 -4.1462e-05
0.81399 0.495137 5.6962e-05 0.00159149 -0.0375154 0.999295 -7.01241e-05 -6.18156e-05 0.000409047 -0.000771674 0.000146033 -4.71391e-05
0.827255 0.494141 5.7877e-05 0.00159196 -0.0374038 0.999299 2.87075e-05 -9.77263e-05 0.000969029 -0.00135808 0.000177928 2.95412e-05
0.847087 0.492653 5.82508e-05 0.00158988 -0.0376791 0.999289 0.00011696 -5.51248e-05 0.00030037 0.0151283 -0.00235987 -0.002257
0.86699 0.491149 5.84394e-05 0.00158878 -0.0377115 0.999287 -6.63504e-06 -0.000164708 -0.000576524 0.00074739 -0.000166995 1.48712e-05
0.886922 0.489642 5.81129e-05 0.00158889 -0.0377623 0.999285 -9.55645e-05 -0.000189294 -0.000612251 0.0011669 -0.000236054 -3.04219e-05
0.906896 0.48813 5.73954e-05 0.00159086 -0.0378118 0.999284 -7.55757e-05 -8.06468e-05 -0.000193064 -0.000253474 9.85839e-06 -6.10217e-05
0.926871 0.486617 5.83419e-05 0.00159133 -0.0377207 0.999287 -8.58214e-05 4.5799e-06 0.000633965 0.033922 -0.00543114 -0.00236625
0.946745 0.485115 5.70911e-05 0.00158925 -0.0379786 0.999277 0.000171715 -3.83955e-05 -0.00135724 0.0595267 -0.00959281 0.000724745
0.973274 0.483096 5.88603e-05 0.0015887 -0.0380093 0.999276 -1.08839e-05 -0.000167453 -0.000536228 0.000795157 -0.000171501 1.31326e-05
0.996505 0.481326 5.82635e-05 0.0015896 -0.0380783 0.999273 -0.00011733 -0.00010447 -0.00062062 0.000980556 -0.000206575 -0.000135079
1.02647 0.479038 5.82411e-05 0.00159168 -0.0380654 0.999274 -3.78979e-05 -7.36862e-05 0.00240503 -0.0149786 0.00207368 0.000139893
1.0464 0.477521 5.7141e-05 0.0015895 -0.03812 0.999272 -0.000284757 -0.0001559 -0.010979 -0.00016288 0.00341874 -0.0157214
1.06293 0.476255 5.94946e-05 0.00158925 -0.0382736 0.999266 1.23597e-05 -0.000156148 -0.000449589 0.000820741 -0.000165802 3.24956e-05
1.08284 0.474727 5.92263e-05 0.00158861 -0.038322 0.999264 -5.1592e-05 -0.000183293 -0.000573382 0.00115347 -0.000242001 6.75507e-05
1.10609 0.472941 5.86158e-05 0.00158986 -0.038379 0.999262 -0.000105564 -9.51947e-05 -0.000605443 0.000881459 -0.000194107 -0.000157435
1.12607 0.471403 5.87497e-05 0.00159161 -0.0383516 0.999263 -3.08676e-05 -8.0042e-05 0.00305722 -0.0157347 0.00395767 1.11936e-05
1.17577 0.467577 5.98384e-05 0.00158874 -0.0385889 0.999254 -6.83148e-06 -0.000164503 -0.000579839 0.000733355 -0.000167197 1.26024e-05
1.22236 0.463968 5.87731e-05 0.00159112 -0.0386909 0.99925 -7.56516e-05 -7.10551e-05 7.02769e-05 -0.000477272 7.22903e-05 -6.0999e-05
1.27208 0.460113 6.04329e-05 0.0015893 -0.038852 0.999244 1.69994e-05 -0.000152496 -0.000421248 0.00104203 -0.000201016 1.1902e-05
1.31195 0.457004 5.96638e-05 0.00158953 -0.0389534 0.99924 -0.000118527 -0.000104614 -0.000621297 0.00098707 -0.00020944 -0.000131609
1.35187 0.453889 6.05604e-05 0.00159191 -0.0388521 0.999244 2.57796e-05 -0.000106461 0.000308209 -0.00610498 -0.000430721 0.000342238
1.39159 0.450777 6.06863e-05 0.00158859 -0.0391811 0.999231 -1.56598e-05 -0.000169762 -0.00053103 0.0013202 -0.00026003 9.1035e-06
1.43481 0.447378 5.99132e-05 0.00159165 -0.0392526 0.999228 -5.64794e-05 -5.45372e-05 0.000872724 -0.00308925 0.00104127 9.03649e-05
1.47127 0.444511 6.12813e-05 0.00158973 -0.0394252 0.999221 4.25051e-05 -0.000132596 -4.1838e-05 -0.000803631 0.000143401 0.000439069
1.51441 0.441099 6.07124e-05 0.00158922 -0.0395276 0.999217 -0.000113593 -0.000141942 -0.000604764 0.00103901 -0.000231739 8.14022e-07
1.55433 0.437935 6.1314e-05 0.00159187 -0.0394361 0.999221 3.9566e-05 -8.439e-05 0.000782896 -0.00405276 -0.000152697 -0.000145914
1.60072 0.434248 6.15838e-05 0.00158853 -0.0397698 0.999208 -2.56515e-05 -0.000172422 -0.000555562 0.00115226 -0.00031759 0.000397151
1.69034 0.42709 6.21825e-05 0.00158878 -0.04003 0.999197 -1.28543e-06 -0.000163075 -0.000559643 0.00105656 -0.000223369 1.73858e-05
1.72011 0.424818 4.53057e-05 0.00158988 -0.0298143 0.999554 0.000265574 -0.00017518 0.0991655 0.00219603 0.00967091 -0.000154388
1.90906 0.442942 -0.000180255 0.00158166 0.111986 0.993709 0.000382584 -2.83643e-05 0.101572 -0.00478661 0.00883395 8.33132e-05
1.92518 0.446686 -0.000192492 0.00157982 0.120505 0.992711 0.00038591 -0.000167214 0.0981206 -0.032138 -0.00589318 0.00199109
1.96349 0.456741 -0.000223632 0.00157409 0.139491 0.990222 0.000364079 -0.000117271 0.0990706 -0.00423405 0.00895376 -2.93351e-06
2.00459 0.469366 -0.000259474 0.00157022 0.161831 0.986817 0.000406136 6.36975e-05 0.115014 -0.051087 -0.0241913 -0.000570878
2.33548 0.622095 -0.000363393 0.00154801 0.227557 0.973764 0.000142561 -9.42367e-05 0.00106075 0.00064735 0.00100095 3.70861e-05
2.35342 0.630964 -0.000362925 0.00154884 0.227637 0.973745 0.000148594 -2.74367e-05 0.000409597 -3.14647e-05 2.64454e-05 -5.96848e-05
2.37136 0.639838 -0.00036383 0.00154847 0.227557 0.973763 0.000142801 -0.000144158 -0.00404339 0.0143271 0.01748 -0.00116482
2.38929 0.6487 -0.000364698 0.00154964 0.22742 0.973796 3.29872e-05 -0.000102882 -0.000820616 -0.00122873 -0.00176407 8.26373e-05
2.41003 0.658958 -0.000365434 0.00154892 0.227842 0.973697 2.58539e-05 -0.000184126 0.000894531 -3.33209e-05 9.95914e-05 7.05816e-05
2.42793 0.667821 -0.000364053 0.00154786 0.227927 0.973677 0.000139562 -0.000111507 0.00106995 0.000598289 0.000995251 -0.000152519
2.4429 0.675237 -0.000363546 0.00154847 0.228001 0.97366 0.000150445 -4.69471e-05 0.000733901 -0.000125118 -5.37792e-05 -2.78823e-05
2.4638 0.685592 -0.000364494 0.00154831 0.227921 0.973678 9.84096e-05 0.00012914 -0.000535516 0.0272219 0.0353212 -0.00329224
2.48772 0.697438 -0.000365175 0.00154931 0.227792 0.973708 4.84207e-05 -0.000105692 -0.000227655 -0.0087881 -0.00114348 -0.000346314
2.5055 0.706251 -0.000365876 0.0015486 0.228228 0.973606 3.72596e-05 -0.000182008 0.00100254 0.000145313 0.000347521 5.31675e-05
2.52635 0.716596 -0.000364318 0.0015479 0.228347 0.973579 0.000147192 -7.05563e-05 0.000980238 0.00058356 0.000911463 -3.69069e-05
2.54428 0.725498 -0.000364146 0.00154878 0.228395 0.973567 0.000145061 -1.09828e-05 5.5003e-05 -0.000146227 -0.000181557 -5.01644e-05
2.55924 0.732925 -0.000365002 0.00154942 0.228278 0.973595 0.000103217 -9.04933e-05 -0.00165094 -0.00556108 -0.00763831 0.00134544
2.57716 0.741817 -0.000365874 0.00154931 0.228172 0.97362 3.68164e-05 -0.000103859 -0.000689315 -0.00144122 -0.00243853 9.39994e-05
2.59789 0.752108 -0.000366476 0.00154847 0.228601 0.973519 3.70476e-05 -0.000181994 0.000998853 0.000139674 0.000340184 5.49403e-05
2.6337 0.769913 -0.000364734 0.00154861 0.228768 0.97348 0.000145767 -1.26997e-05 0.000107896 -0.00011823 -0.000137495 -4.7462e-05
2.67844 0.792162 -0.00036468 0.00154687 0.228823 0.973467 0.000313536 2.5275e-05 0.0120292 0.00998934 0.0241437 0.0169214
2.71412 0.80993 -0.00036542 0.00154778 0.229107 0.9734 0.000148095 -5.86874e-05 0.000928043 0.000527988 0.000834398 -4.49022e-05
2.74995 0.827784 -0.000366623 0.00154915 0.228972 0.973432 5.44255e-05 -7.70403e-05 -0.00158938 -0.000494384 -0.000938367 6.64212e-05
2.79158 0.848537 -0.000366861 0.00154747 0.229388 0.973334 0.000129077 -0.000170039 0.00109441 0.000489382 0.000838632 -0.000246789
2.83034 0.867888 -0.000365957 0.001549 0.229496 0.973308 0.000126894 -1.02162e-06 -0.00191839 -0.00588045 -0.00880301 0.000218982
2.86604 0.885706 -0.000368998 0.00154896 0.229692 0.973262 0.000123949 -0.000175987 0.000291266 -0.0189265 -0.0251444 0.00715286
2.90775 0.906557 -0.00036651 0.00154784 0.22988 0.973218 0.000151368 -3.93723e-05 0.000663923 -0.000157188 -0.000109853 -4.01005e-05
3.28255 1.09471 -0.000368887 0.00154749 0.231386 0.972861 0.00014819 -2.03663e-05 0.000316718 -5.77127e-05 -2.54528e-05 -4.62847e-05
3.3123 1.1097 -0.000370569 0.00154833 0.231183 0.972909 2.7562e-05 -9.23183e-05 -0.00131058 -0.000384692 -0.0007319 1.27625e-05
3.35677 1.13214 -0.00036979 0.00154651 0.231693 0.972788 0.000146544 -8.10804e-05 0.00102679 0.000608677 0.000978465 -2.65362e-05
3.40143 1.15469 -0.000370946 0.00154819 0.231575 0.972816 3.99696e-05 -7.70893e-05 -0.00154557 -0.000564618 -0.000967632 2.53192e-05
3.58592 1.23404 -0.000246863 0.00157277 0.153923 0.988082 -0.000198088 -0.000196578 -0.0912658 -0.0446799 -0.0420674 0.0023846
3.79905 1.2784 -7.89944e-05 0.00158799 0.0486298 0.998816 -0.000269319 -0.000196716 -0.0986566 0.00310165 -0.00954023 8.81845e-05
3.81242 1.27963 -6.48214e-05 0.00158913 0.0400363 0.999197 -0.000249216 -0.000164176 -0.0989982 0.00198653 -0.00980597 -3.04745e-05
3.83934 1.28158 -4.64294e-05 0.00159144 0.0278336 0.999611 -0.000263063 -9.89345e-05 -0.0991565 0.00839606 -0.0116647 -0.00028188
3.86271 1.28268 -2.71721e-05 0.00159067 0.0162763 0.999866 -0.000361018 -0.000220157 -0.097443 0.0178193 -0.00859808 -0.00987273
3.87948 1.28315 -1.47509e-05 0.0015905 0.00805381 0.999966 -0.000310013 -0.000171542 -0.0993453 0.00129957 -0.00995339 2.19335e-05
3.90296 1.28334 3.69485e-06 0.00158966 -0.00338554 0.999993 -0.000369677 -0.000208898 -0.0996252 0.00109102 -0.0100704 -1.7753e-05
3.92316 1.28307 2.16119e-05 0.0015914 -0.0151563 0.999884 -0.000360837 -8.70488e-05 -0.0998015 -0.000733295 -0.0100831 -3.66172e-05
3.95009 1.28208 4.17638e-05 0.0015895 -0.0264094 0.99965 -0.000110938 -0.000157105 -0.0895155 0.052761 -0.0139549 0.00676952
3.96339 1.28134 5.33925e-05 0.00159038 -0.0346631 0.999398 -0.00040215 -0.000207577 -0.102781 0.00619454 -0.0114195 0.000884427
3.99021 1.27931 7.22177e-05 0.00158862 -0.0461435 0.998934 -0.000319202 -0.000135825 -0.100253 -0.000848155 -0.0101048 1.47548e-05
4.01359 1.27696 8.9434e-05 0.00158812 -0.0576723 0.998334 -0.000466877 -5.5625e-05 -0.100662 -0.00146632 -0.0100039 3.09488e-06
4.03034 1.27494 0.0001017 0.00158859 -0.0658723 0.997827 -0.000495134 -3.03795e-05 -0.0995109 -0.00441717 -0.00922986 1.54616e-05
4.04357 1.27314 0.000115601 0.00158748 -0.0742942 0.997235 -0.000489971 0.000234938 -0.0980872 0.0053297 -0.00927472 0.00159061
4.07016 1.269 0.000136764 0.00158521 -0.0863481 0.996264 -0.000269921 -9.13084e-05 -0.0989285 -0.00363274 -0.00928742 7.07769e-05
4.0932 1.26482 0.000155381 0.00158317 -0.0984076 0.995145 -0.000297723 -7.10912e-05 -0.100979 -0.00328273 -0.00963977 0.000722945
4.11957 1.25934 0.000171983 0.00158265 -0.109919 0.993939 -0.000416432 3.47711e-05 -0.100859 -0.005036 -0.00885583 -1.34726e-06
4.13262 1.25635 0.00018568 0.00157965 -0.118085 0.993002 -0.000477434 -0.000135529 -0.0971632 -0.0281778 0.00398449 0.00484641
4.15216 1.25154 0.000199604 0.00157764 -0.126799 0.991927 -0.000451797 -7.7453e-05 -0.09868 -0.00399362 -0.00918285 -3.37835e-05
4.17165 1.24633 0.000218519 0.00157535 -0.138073 0.990421 -0.000352119 -6.25125e-05 -0.0990239 -0.0044129 -0.00904522 -4.13407e-05
4.19107 1.24072 0.000234814 0.0015749 -0.148188 0.988958 -0.000310011 -4.15416e-06 -0.100549 -0.00662625 -0.00782328 -9.53412e-05
4.21028 1.23476 0.000247971 0.00157319 -0.157544 0.987511 -0.000256776 4.2235e-05 -0.100245 -0.00532906 -0.00777738 0.000369737
4.2262 1.22948 0.000260369 0.00157083 -0.165258 0.986249 -0.000367096 -1.07653e-05 -0.0995937 -0.00806733 -0.006422 0.000236827
4.23883 1.22509 0.000273242 0.00156658 -0.173001 0.98492 -0.000401013 -2.62492e-05 -0.0994722 -0.00560139 -0.00836275 2.77277e-05
4.2546 1.21936 0.000277715 0.00156519 -0.175742 0.984435 -0.000174713 -0.000128479 9.37087e-06 0.000661932 -0.000562848 -3.36702e-06
4.27337 1.21244 0.000277839 0.00156579 -0.17574 0.984435 -0.000102107 -0.000122626 -3.28705e-08 0.000870739 -0.000751974 -4.82291e-05
4.29218 1.2055 0.000277954 0.00156798 -0.175748 0.984434 -6.51723e-05 -8.40129e-05 -0.000160791 -0.000907609 0.000749611 -6.33494e-05
4.31093 1.19859 0.000276014 0.00156711 -0.1759 0.984407 -0.000127477 -4.01003e-05 -0.00205388 -0.00201755 -0.00137936 -0.00137789
4.32334 1.19401 0.000277727 0.00156745 -0.17588 0.98441 -6.83943e-05 -7.09976e-05 0.000152037 -0.000151696 0.000157963 0.000133659
4.34205 1.1871 0.000277907 0.00156545 -0.175869 0.984412 -0.000131647 -0.000130963 5.47794e-05 0.000861289 -0.000752802 9.59941e-05
4.36709 1.17786 0.000278022 0.0015655 -0.175866 0.984413 -0.000125225 -0.000126124 1.79771e-05 0.000909176 -0.000749876 -0.000136831
4.38589 1.17092 0.00027814 0.00156763 -0.175872 0.984412 -7.38539e-05 -8.9009e-05 -0.00015984 -0.000612241 0.000490814 -1.60093e-05
4.40775 1.16285 0.000276965 0.00156581 -0.17603 0.984384 -6.96952e-05 -0.000115404 0.000459961 0.0142772 -0.0148148 -0.0333977
4.42333 1.1571 0.000277948 0.00156706 -0.176003 0.984388 -7.54288e-05 -8.65403e-05 0.000168734 0.000411156 -0.00031978 0.000106879
4.44205 1.15018 0.000278115 0.00156525 -0.175994 0.98439 -0.000163293 -0.000129041 2.65663e-05 0.000889463 -0.000755969 6.26635e-05
4.4608 1.14326 0.000278199 0.00156534 -0.175992 0.98439 -0.000149706 -0.000126656 3.57372e-05 0.000907521 -0.000772398 -0.000107786
4.47959 1.13632 0.00027835 0.00156705 -0.175995 0.98439 -7.63025e-05 -9.14521e-05 -7.2727e-05 0.000491392 -0.000439097 -9.15525e-05
4.4921 1.1317 0.000278584 0.00156859 -0.176009 0.984387 -3.20217e-05 -6.07563e-05 -0.000275127 -0.00215515 0.00171745 -7.7768e-05
4.51078 1.1248 0.000278131 0.00156816 -0.17614 0.984364 -9.1858e-05 -0.000179606 0.000211002 -0.0157382 0.0140177 0.00132826
4.5264 1.11902 0.000278262 0.00156607 -0.176129 0.984366 -9.77499e-05 -0.000125745 0.000111929 0.000734966 -0.000605595 2.74229e-05
4.54513 1.1121 0.000278335 0.00156511 -0.176125 0.984367 -0.000174222 -0.00012877 -2.40485e-06 0.000931144 -0.000789701 -5.88717e-06
4.56699 1.10401 0.000278492 0.00156605 -0.176124 0.984367 -9.57008e-05 -0.000114065 -2.87131e-05 0.000802619 -0.000701491 -6.25487e-05
4.5858 1.09706 0.000278658 0.00156833 -0.176137 0.984364 -4.64372e-05 -6.88915e-05 -0.000190562 -0.00136252 0.00114053 -7.04636e-05
4.61076 1.08783 0.000278259 0.00156781 -0.176267 0.984341 -4.88707e-05 -5.46619e-05 7.1267e-05 1.21731e-05 -2.165e-05 -0.000250699
4.62947 1.08091 0.000278489 0.00156575 -0.176256 0.984343 -0.000101323 -0.000128643 9.29002e-05 0.000799375 -0.000663948 2.12492e-05
4.64192 1.0763 0.000278541 0.00156506 -0.176253 0.984344 -0.000174712 -0.000128602 -1.64187e-05 0.000982771 -0.000846246 -4.89173e-06
4.66068 1.06936 0.000278664 0.00156563 -0.176251 0.984344 -0.000103068 -0.000123083 -4.70853e-06 0.000873004 -0.000757586 -4.69449e-05
4.67638 1.06355 0.000278752 0.00156752 -0.176256 0.984343 -7.40809e-05 -8.88712e-05 -0.000159299 -0.000614604 0.000493802 -1.11942e-05
4.69517 1.0566 0.000279294 0.00156862 -0.176293 0.984336 -0.000103027 -7.94534e-05 -0.00264081 -0.0201891 0.0165163 0.000434247
4.70754 1.05202 0.000278519 0.00156755 -0.176391 0.984319 -5.82126e-05 -6.42307e-05 9.72404e-05 -0.000623859 0.00055717 0.000142549
4.72625 1.04509 0.000278708 0.00156549 -0.176379 0.984321 -0.000104283 -0.000130909 7.34163e-05 0.000839227 -0.000702906 1.59218e-05
4.74499 1.03816 0.00027877 0.00156507 -0.176377 0.984321 -0.000174299 -0.000128798 9.58767e-05 0.000684988 -0.000581987 -1.26319e-05
4.77006 1.02888 0.000278965 0.00156702 -0.176379 0.984321 -7.62067e-05 -8.9645e-05 -7.90315e-05 0.000194649 -0.000165488 3.57904e-05
4.78885 1.02191 0.00027943 0.0015687 -0.176398 0.984318 -1.48043e-05 -5.56078e-05 -0.000632291 -0.00513505 0.00389931 -8.99599e-05
4.80123 1.01733 0.000278617 0.00156793 -0.176516 0.984296 -1.13845e-05 -6.30327e-05 0.000116933 -0.00193862 0.00169952 0.00131752
4.81994 1.0104 0.000278873 0.00156583 -0.176505 0.984298 -9.95958e-05 -0.000127013 0.000103696 0.000767406 -0.000636025 2.45015e-05
4.84495 1.00113 0.000278988 0.0015651 -0.1765 0.984299 -0.000168034 -0.000126825 5.16621e-05 0.000925279 -0.000788078 -8.35787e-05
4.86683 0.993024 0.000279149 0.00156735 -0.176504 0.984299 -7.54491e-05 -8.59759e-05 -0.000156945 -0.000596191 0.00046178 5.29352e-05
4.88562 0.986059 0.000279452 0.00156818 -0.176584 0.984284 -0.000132254 -5.19514e-05 -0.00687891 -0.0410653 0.0323884 0.000814061
4.91054 0.976821 0.000278985 0.00156675 -0.176634 0.984275 -8.48942e-05 -0.000121442 0.00012964 0.000463254 -0.000518481 -0.000149976
4.93234 0.968737 0.000279129 0.00156499 -0.176625 0.984277 -0.0001737 -0.000128117 6.86961e-06 0.000917299 -0.000775257 1.41405e-05
4.95739 0.959449 0.000279276 0.00156576 -0.176623 0.984277 -9.88517e-05 -0.000117397 -2.03921e-05 0.000832755 -0.000728207 -5.6712e-05
4.97619 0.952477 0.000279482 0.00156825 -0.176638 0.984275 -4.30014e-05 -6.65652e-05 -0.000201507 -0.00150206 0.00126269 -6.54286e-05
4.99481 0.945569 0.000281605 0.00156604 -0.178321 0.983971 -0.00041645 0.000102297 -0.0502275 0.0162166 -0.021595 -0.00670492
5.01664 0.937238 0.000300201 0.00156158 -0.189792 0.981823 -0.000398421 -1.40939e-05 -0.0997186 -0.00615771 -0.00799822 2.76985e-05
5.04154 0.927033 0.000319505 0.00155754 -0.202085 0.979367 -0.000482595 3.19267e-05 -0.100104 -0.00651787 -0.00782085 -2.25173e-05
5.06006 0.918935 0.000333003 0.00155665 -0.210899 0.977507 -0.000401697 0.000117068 -0.0998747 -0.00786596 -0.00635581 -4.00825e-05
5.07837 0.910488 0.000348787 0.00155367 -0.220324 0.975425 -0.000350091 0.000119593 -0.098002 -0.0251998 0.0136396 0.0131082
5.09945 0.900219 0.000366493 0.0015463 -0.232598 0.972572 -0.000437598 0.000115543 -0.108838 0.00254115 -0.0350962 0.0216875
5.12325 0.887867 0.00038854 0.00154198 -0.245235 0.969462 -0.000401549 5.06201e-05 -0.100797 -0.00790157 -0.00646825 8.42689e-06
5.14095 0.878152 0.000402945 0.00153962 -0.254992 0.966942 -0.000448117 0.000219225 -0.100695 -0.00889591 -0.00491949 3.50832e-05
5.15841 0.868103 0.00041801 0.00153434 -0.264009 0.964519 -0.000423726 0.000348304 -0.0969165 0.0167384 -0.0524434 -0.00285421
5.17849 0.855975 0.000437866 0.00152919 -0.27604 0.961145 -0.000387524 6.58982e-05 -0.0982084 -0.00874399 -0.00465362 9.10486e-06
5.19554 0.845175 0.000454595 0.00152501 -0.285875 0.958265 -0.000323717 3.94909e-05 -0.100023 -0.0100666 -0.00214275 -6.42344e-05
5.21789 0.830273 0.000472913 0.00152003 -0.298436 0.954428 -0.000345324 0.000177526 -0.1013 -0.00952156 -0.00275943 -0.000222585
5.23437 0.818706 0.000488087 0.00151485 -0.308169 0.95133 -0.000470753 4.75152e-05 -0.0982612 -0.0267167 0.0504382 0.0100716
5.25058 0.806844 0.000501884 0.00150897 -0.316884 0.948463 -0.000451539 0.00020868 -0.0989248 -0.00931266 -0.00366893 -0.000170673
5.26658 0.794714 0.000507475 0.00150677 -0.320035 0.947405 -0.000156358 -6.03181e-05 0.000557631 0.000319666 -0.000987004 -2.50713e-05
5.28251 0.78257 0.000508186 0.00150787 -0.319998 0.947417 -0.000108701 -8.12069e-05 4.02212e-06 -1.29097e-05 4.23149e-05 -6.63936e-05
5.30102 0.768448 0.000507601 0.00150934 -0.320265 0.947327 -5.86343e-05 -2.46008e-05 -0.00104064 0.000452298 -0.00190322 -9.63091e-05
5.31684 0.756372 0.000506775 0.00150924 -0.320073 0.947391 -6.97151e-05 7.1569e-05 0.000150284 0.00100461 -0.0037892 -0.000643898
5.33272 0.744267 0.000507037 0.00150701 -0.320021 0.947409 -0.000216208 -8.85847e-07 0.000641582 0.000364943 -0.00110374 3.79445e-06
5.35657 0.72608 0.00050776 0.00150718 -0.319957 0.947431 -0.000136667 -7.26823e-05 0.000541173 0.000316639 -0.000976617 -5.45914e-05
5.37784 0.709866 0.000507903 0.00150913 -0.320066 0.947394 -0.000307902 5.99614e-05 -0.00870643 -0.00701677 0.0270082 0.00231816
5.3937 0.697764 0.00050769 0.00150832 -0.320142 0.947368 -0.000169636 -0.000130364 0.00914931 -0.0023252 0.018725 0.0083069
5.41213 0.683706 0.000506895 0.00150725 -0.319974 0.947425 -0.000215378 2.60418e-06 0.000647755 0.000336839 -0.00102433 3.26515e-06
5.43598 0.665528 0.000507551 0.00150706 -0.319907 0.947447 -0.000144949 -6.8612e-05 0.000599904 0.000428002 -0.00135411 -9.76781e-05
5.45725 0.649315 0.000508618 0.00150947 -0.319931 0.94744 -5.70217e-05 -7.98026e-05 -0.00248659 -0.0034219 0.0130659 0.000107225
5.47312 0.637209 0.000507631 0.0015088 -0.320162 0.947361 -6.8303e-05 3.71438e-05 0.00173452 -0.00722318 0.0252234 -0.000848481
5.48894 0.625149 0.000506618 0.00150862 -0.319948 0.947434 -0.00013257 3.68975e-05 0.000573587 9.30489e-05 -0.000182011 0.000155017
5.50481 0.613046 0.000506936 0.0015069 -0.319898 0.947451 -0.000215603 -5.92945e-06 0.000627251 0.000371578 -0.00114238 -5.84082e-06
5.52337 0.598891 0.000510162 0.00150491 -0.322461 0.946581 -1.21889e-06 -0.000661512 -0.0993556 -0.0342204 0.106833 -0.0678341
5.54458 0.582229 0.000531637 0.00150184 -0.334641 0.942344 -0.000378676 0.000210192 -0.105184 -0.0164745 0.0285148 0.000388762
5.56257 0.567356 0.00054962 0.00149397 -0.346674 0.937984 -0.00034995 0.000192925 -0.0994329 -0.00988192 -0.00143051 5.76443e-05
5.58285 0.549725 0.000568873 0.00148441 -0.358828 0.933402 -0.000445617 0.000230649 -0.0997163 -0.00987673 -0.00220953 6.54883e-05
5.60514 0.529221 0.000588435 0.00147825 -0.371194 0.928554 -0.000332363 0.000264162 -0.100035 -0.0100431 -0.0013755 -8.00617e-05
5.62203 0.512831 0.00060749 0.00147024 -0.382285 0.924043 -0.000331474 0.000124739 -0.0893042 -0.00736449 -0.0190158 -0.00117846
5.64997 0.48398 0.000639177 0.00145609 -0.40265 0.915353 -0.000376272 0.000214435 -0.100439 -0.0101574 -0.000111142 3.65272e-05
5.67686 0.45389 0.000666264 0.00144563 -0.420358 0.907357 -0.000297971 0.000414943 -0.0993169 -0.00941207 0.00539131 9.65353e-05
5.7004 0.425457 0.000692401 0.0014322 -0.435884 0.900001 -0.000348044 0.000229976 -0.0982806 -0.00971909 0.00200936 -3.00332e-06
5.72491 0.393464 0.000718473 0.00141986 -0.4524 0.891814 -0.000310775 0.000272706 -0.101258 -0.0097462 0.00299981 6.83759e-06
6.07914 -0.150974 0.000757035 0.00140042 -0.477132 0.87883 8.92701e-05 0.000125877 -5.77611e-05 -0.00208048 -0.00463237 5.85439e-05
6.09001 -0.167713 0.000756866 0.00139851 -0.477083 0.878857 -0.000164165 0.000139651 0.000779519 -0.000384191 -0.00101798 -4.47058e-07
6.10091 -0.18448 0.00075732 0.00139812 -0.477025 0.878888 -0.00015739 4.55939e-05 0.000666847 -0.000387031 -0.00101432 -2.50514e-05
6.10816 -0.195647 0.000758037 0.00139886 -0.476991 0.878907 -0.00014088 1.8831e-06 0.000126473 1.17915e-05 -3.09642e-06 -5.81578e-05
6.11908 -0.212435 0.000757371 0.00140028 -0.477112 0.878841 -8.87293e-05 0.000164445 -0.00239894 -0.00756632 -0.0167346 -0.00428946
6.13355 -0.234723 0.000756579 0.00140153 -0.476853 0.878982 0.000123495 0.000143478 -0.000932718 0.0117257 0.025924 0.00632471
6.14443 -0.251444 0.000756408 0.00139886 -0.476805 0.879008 -0.000165296 0.000138956 0.000780797 -0.000365586 -0.000936425 -5.66366e-06
6.15713 -0.270965 0.000757148 0.00139854 -0.476726 0.87905 -0.000154397 2.71564e-05 0.000721891 -0.000219847 -0.000648219 -4.49392e-05
6.17352 -0.296148 0.000757795 0.00140036 -0.476773 0.879025 -0.000156302 0.000104334 -0.00487478 0.0064874 0.0166776 0.00107256
6.18805 -0.318481 0.000756801 0.00139807 -0.476654 0.87909 -8.89006e-05 0.000107673 0.0107766 -0.0159559 -0.0274263 -0.0158523
6.2007 -0.337903 0.000755968 0.00139899 -0.476517 0.879164 -0.000164606 0.000139103 0.000779128 -0.000382528 -0.00102385 3.3709e-06
6.21161 -0.354649 0.000756451 0.00139862 -0.476458 0.879196 -0.000157265 4.32181e-05 0.000667892 -0.000336493 -0.000902589 -3.10757e-05
6.22254 -0.371427 0.000757241 0.00139957 -0.476426 0.879213 -0.000133731 -8.21032e-06 -0.00013523 5.55229e-05 0.000156858 -6.48112e-05
6.23713 -0.393811 0.000756782 0.00140101 -0.476578 0.879131 -5.67805e-05 4.68214e-05 -0.00120653 0.000638179 0.00168441 8.37088e-05
6.24797 -0.41045 0.000755735 0.00140079 -0.476286 0.879289 8.5385e-06 0.000108526 0.000284468 -0.00753659 -0.0167087 -0.00357907
6.25888 -0.427169 0.000755513 0.00139928 -0.476238 0.879315 -0.000164254 0.000139727 0.00077986 -0.000367315 -0.000985548 3.08283e-05
6.27161 -0.446679 0.000756252 0.00139903 -0.476162 0.879356 -0.00015444 2.66366e-05 0.000722184 -0.00021778 -0.000647711 -4.50381e-05
6.28256 -0.463455 0.000756937 0.0014002 -0.476151 0.879362 -0.000120477 -1.95756e-05 -0.000574983 0.000172983 0.000645102 -6.87352e-05
6.29715 -0.485819 0.000756276 0.0014011 -0.476313 0.879274 -7.05001e-05 6.01628e-05 -0.000678796 0.00166203 0.00424339 0.000149926
6.308 -0.502441 0.0007551 0.00140109 -0.475994 0.879447 -6.63069e-05 0.000129277 0.000576622 2.29196e-05 -7.47341e-05 0.000152263
6.31892 -0.519157 0.000755131 0.00139919 -0.475937 0.879478 -0.000168769 0.000131979 0.000766418 -0.000416817 -0.00111898 -5.27157e-06
6.32986 -0.535905 0.000755799 0.00139927 -0.47588 0.879509 -0.00015455 2.67532e-05 0.000721132 -0.000218214 -0.000650749 -4.48137e-05
6.33715 -0.547057 0.000756497 0.00140047 -0.475869 0.879514 -0.000119715 -2.01105e-05 -0.000600171 0.000190061 0.000694137 -7.00457e-05
6.3481 -0.563809 0.000755882 0.00140149 -0.476016 0.879435 -5.55601e-05 4.88624e-05 -0.00120299 0.000677366 0.00180501 5.70027e-05
6.36262 -0.586038 0.000754736 0.0014019 -0.475721 0.879595 -2.87043e-05 0.000107134 0.000146212 0.00339574 0.00753085 0.00231277
6.37355 -0.602744 0.000754631 0.00139962 -0.475666 0.879624 -0.000166236 0.00013702 0.000776791 -0.000392068 -0.00108216 4.05801e-06
6.38631 -0.622243 0.000755395 0.00139955 -0.475595 0.879663 -0.000151518 2.47972e-05 0.000681627 -0.000443077 -0.00118282 -8.13154e-05
6.40095 -0.644617 0.000755706 0.00140126 -0.475654 0.879631 -0.000176457 0.000143478 -0.0053847 0.00511729 0.0114502 0.000998097
6.4119 -0.661344 0.000755307 0.00140112 -0.475738 0.879586 -0.000143527 1.05973e-05 0.00285521 0.0149032 0.0337523 -0.00147238
6.42457 -0.680705 0.000754164 0.00140074 -0.475411 0.879762 -9.21255e-05 0.00015603 0.000745267 -0.000283976 -0.000849854 2.19316e-05
6.43371 -0.694655 0.000754317 0.00139954 -0.475359 0.87979 -0.000168952 0.000114868 0.000748727 -0.000410263 -0.00111519 -9.04938e-05
6.44649 -0.714158 0.000755373 0.00140038 -0.475297 0.879824 -0.000138882 -2.24029e-06 5.10674e-05 1.81151e-05 2.99235e-05 -6.18758e-05
6.45747 -0.730911 0.000755086 0.00140157 -0.475412 0.879762 2.91843e-06 -0.000409056 0.00152348 0.000787206 -0.00582237 -0.0039111
6.46843 -0.747631 0.000754824 0.00140056 -0.47536 0.87979 -0.000341229 -3.08463e-05 0.0118441 0.00829873 0.0170632 0.0091647
6.48298 -0.769822 0.000753717 0.00140037 -0.475117 0.879921 -0.00014614 0.000141143 0.000775692 -0.000327473 -0.00098939 -0.000130791
6.49394 -0.78653 0.000754076 0.00139976 -0.475061 0.879951 -0.000159441 5.11906e-05 0.000692965 -0.000414948 -0.00110686 -2.51258e-05
6.50674 -0.806034 0.000755111 0.00140108 -0.475024 0.879972 -0.000123589 -1.8238e-05 -0.000468764 6.31817e-05 0.000501384 -6.77248e-05
6.5232 -0.831127 0.000754484 0.001402 -0.475191 0.879881 -7.07463e-05 6.19097e-05 -0.000487504 0.0075488 0.00348074 -0.000395624
6.5341 -0.847724 0.000753321 0.00140212 -0.474874 0.880053 -6.80461e-05 0.000125058 0.0005463 9.4823e-05 8.59963e-05 7.874e-05
6.54873 -0.870006 0.000753465 0.0014 -0.474798 0.880094 -0.000167173 0.00010092 0.000737766 -0.00039909 -0.00111327 -0.000105542
6.56154 -0.889498 0.000754453 0.00140079 -0.474739 0.880125 -0.000141012 6.69629e-07 0.000130688 1.00795e-05 -8.73953e-06 -5.68748e-05
6.57073 -0.903476 0.000753174 0.00140199 -0.474859 0.88006 -7.82085e-05 -0.000188204 -0.000356925 -0.0169915 -0.0388512 -0.0021954
6.58351 -0.92293 0.000753949 0.00140098 -0.474803 0.880091 -0.000363364 -3.57573e-05 0.0118631 0.00706075 0.015193 0.00880201
6.59261 -0.936768 0.000752833 0.0014017 -0.474579 0.880212 -8.99621e-05 0.000155433 0.000727037 -0.000261843 -0.000788177 8.45543e-05
6.60358 -0.95345 0.000752975 0.00140027 -0.474524 0.880241 -0.000170221 0.000119566 0.000752256 -0.000415253 -0.00113169 -9.55267e-05
6.6164 -0.972927 0.00075399 0.00140099 -0.47446 0.880276 -0.000142103 2.17219e-06 0.000172921 -7.85622e-06 -5.81678e-05 -5.9324e-05
6.62741 -0.989661 0.000752379 0.00140219 -0.474574 0.880214 -0.000106043 7.95194e-05 -0.00334352 -0.0171865 -0.0386593 -0.00277208
6.6384 -1.00636 0.000753599 0.0014018 -0.474589 0.880206 -0.000192917 2.21713e-05 0.00738632 0.0257506 0.0559701 0.00477656
6.64931 -1.02294 0.000752394 0.00140225 -0.474306 0.880359 -7.64574e-05 0.000144685 0.000692894 -6.24953e-05 -0.000311661 0.000142641
6.6603 -1.03962 0.000752524 0.00140051 -0.474245 0.880391 -0.000170837 0.000121892 0.000753361 -0.000423115 -0.00114885 -9.38617e-05
6.675 -1.06193 0.000753523 0.00140119 -0.474181 0.880426 -0.000143336 4.1277e-06 0.000221033 -6.3954e-06 -6.77989e-05 -5.7747e-05
6.68602 -1.07865 0.000752195 0.00140246 -0.4743 0.880362 -8.11169e-05 -0.000170315 -0.000525029 -0.0181186 -0.0416549 -0.00267299
6.6978 -1.09658 0.000766389 0.00139336 -0.481587 0.876397 -0.000537742 0.000553876 -0.189791 0.149191 0.332937 0.000639894
6.70146 -1.10238 0.000780522 0.00138835 -0.491222 0.871033 -8.66525e-05 5.69021e-05 -0.00127268 -0.00013872 -0.000285434 1.85041e-05
6.70146 -1.10238 0.000780667 0.00138825 -0.491317 0.870979 -8.32461e-05 5.56952e-05 -0.0012646 1.53446e-06 3.62084e-06 -1.29217e-07
6.70146 -1.10238 0.000780827 0.00138815 -0.491421 0.870921 -8.30845e-05 5.56254e-05 -0.00126318 1.31863e-06 3.04825e-06 -1.34041e-07
6.70146 -1.10238 0.000780999 0.00138804 -0.491531 0.870859 -8.29113e-05 5.55723e-05 -0.00126084 1.03014e-06 2.55224e-06 -1.32999e-07
6.70146 -1.10238 0.000781186 0.00138793 -0.491649 0.870792 -8.273e-05 5.55009e-05 -0.00125793 8.26532e-07 2.03368e-06 -1.3158e-07
