0.622096 0.0155669 -0.0322162 0.019637 -0.0014262 0.999287 -0.0126575 0.0163599 0.00639907 0.656999 0.0342409 0.0664141
0.656117 0.0149935 -0.0320163 0.019485 -0.00138767 0.999296 0.0451363 0.0563358 0.00280544 0.661228 0.000822021 0.0425197
0.689387 0.013171 -0.0317474 0.0197295 -0.000895179 0.999301 -0.00293326 -0.0734257 0.0360034 0.619749 0.0212178 0.0648826
0.689387 0.013171 -0.0317474 0.0197295 -0.000895179 0.999301 -0.00293326 -0.0734257 0.0360034 0.619749 0.0212178 0.0648826
0.721695 0.013868 -0.0307043 0.0189585 -0.00110603 0.999348 -0.0166698 0.000304444 0.0253105 0.671687 0.0200278 0.04987
0.757322 0.0143885 -0.0308313 0.0189217 -0.00148984 0.999344 0.0370065 0.0322673 -0.0247181 0.727762 0.00237105 0.0487487
0.796237 0.0139962 -0.0302547 0.0183591 -0.00167826 0.999372 0.0680984 0.0306375 -0.0229938 0.848659 -0.0162674 0.039538
0.796237 0.0139962 -0.0302547 0.0183591 -0.00167826 0.999372 0.0680984 0.0306375 -0.0229938 0.848659 -0.0162674 0.039538
0.843556 0.0139383 -0.0302192 0.0203658 -0.00203033 0.999334 -0.0279967 0.142716 -0.0095611 1.08376 0.0347159 0.015986
0.897952 0.015809 -0.0306601 0.0201285 -0.0013228 0.999326 0.0339023 -0.144107 -0.026789 1.09075 -0.00543293 0.0689389
0.952022 0.0169056 -0.0324167 0.0207294 -0.0019475 0.999258 0.0721479 0.183592 0.0173642 1.28417 -0.00178555 0.0526618
0.958503 0.0168296 -0.0321892 0.0209443 -0.00186744 0.999261 0.0581378 -0.0553071 0.0158363 1.30137 -0.0229679 0.0553869
1.00421 0.0168946 -0.0321644 0.0210097 -0.000457366 0.999262 -0.0684735 0.164225 0.272754 1.25707 0.0685684 -0.0116016
1.0629 0.017653 -0.0315315 0.0198261 -8.76943e-05 0.999306 0.0477946 -0.0854574 0.0413515 1.1063 -0.0043898 0.0304304
1.0629 0.017653 -0.0315315 0.0198261 -8.76943e-05 0.999306 0.0477946 -0.0854574 0.0413515 1.1063 -0.0043898 0.0304304
1.12412 0.0191325 -0.0327893 0.0201974 0.00114578 0.999258 -0.00405989 -0.325172 0.140252 0.913032 0.0495845 0.0456177
1.1576 0.0204942 -0.0328224 0.018292 0.00532455 0.99928 -0.0304165 -0.00740979 0.306221 0.777471 0.107171 0.0322697
1.1576 0.0204942 -0.0328224 0.018292 0.00532455 0.99928 -0.0304165 -0.00740979 0.306221 0.777471 0.107171 0.0322697
1.19321 0.0192458 -0.0317746 0.0176047 0.00417653 0.999331 -0.0161466 -0.0736128 0.0897504 0.401092 0.0234608 0.0681691
1.19321 0.0192458 -0.0317746 0.0176047 0.00417653 0.999331 -0.0161466 -0.0736128 0.0897504 0.401092 0.0234608 0.0681691
1.1991 0.0178122 -0.0316994 0.0174765 0.00499627 0.999332 -0.107431 -0.187203 0.193041 0.487073 0.0460631 0.0139242
1.22078 0.020027 -0.033391 0.0176405 0.00739568 0.999259 0.00706477 -0.00467439 0.0532481 0.286263 0.0528151 -0.0076226
1.24053 0.0181263 -0.0329516 0.0149124 0.00565892 0.99933 -0.0136312 0.241866 0.016631 0.366533 -0.0351017 -0.0852884
1.2601 0.0175347 -0.032338 0.0182725 0.00682321 0.999287 0.0172375 0.0396197 0.0245326 0.0881339 -0.00488806 -0.0102701
1.2601 0.0175347 -0.032338 0.0182725 0.00682321 0.999287 0.0172375 0.0396197 0.0245326 0.0881339 -0.00488806 -0.0102701
1.27197 0.0172571 -0.0322252 0.0161293 0.00571903 0.999334 0.0287193 0.0643765 0.0169429 0.200502 -0.0537206 -0.088272
1.2844 0.0167766 -0.0316771 0.0174693 0.0052144 0.999332 0.0744543 -0.0400146 -0.0458467 0.156524 -0.0512327 -0.0141833
1.30055 0.0141267 -0.0296003 0.0169451 0.00487642 0.999406 0.00946831 0.113984 -0.0277451 0.352413 -0.0761406 -0.0373188
1.30695 0.0128227 -0.0291535 0.0161361 0.00440568 0.999435 0.118418 0.0136635 -0.445462 0.379862 -0.161702 -0.038685
1.30695 0.0128227 -0.0291535 0.0161361 0.00440568 0.999435 0.118418 0.0136635 -0.445462 0.379862 -0.161702 -0.038685
1.33483 0.0130877 -0.0304262 0.0169673 0.00219554 0.999391 -0.0423837 -0.0479872 0.0959309 0.639264 -0.0116119 -0.0518473
1.37172 0.0136145 -0.0308164 0.0166658 0.00363098 0.99938 0.0674257 0.17125 -0.17675 0.781605 -0.0169431 -0.0564434
1.41024 0.017002 -0.0292106 0.0172742 0.00151399 0.999423 0.0947013 0.1309 -0.0709972 0.820015 -0.0274494 -0.00393763
1.8331 0.0535569 -0.0313581 0.0187742 0.00606129 0.999313 -0.0154583 0.0342313 0.085223 0.492995 0.091335 0.112049
3.70538 0.276655 -0.0308798 0.00747754 0.0818531 0.996138 0.00857807 -0.00865144 0.00105346 0.44848 -0.0333025 -0.0327075
3.72752 0.27963 -0.0306356 0.00709235 0.0821689 0.996122 -0.0194307 -0.000143349 0.0549397 0.448687 -0.0206738 -0.00870975
3.77984 0.290806 -0.0303934 0.00760445 0.0825571 0.996094 -0.00857943 0.00626842 0.026266 0.440544 -0.0162046 -0.0172336
3.80135 0.295133 -0.030473 0.00783462 0.08285 0.996065 0.00974397 0.0309477 -0.00536753 0.42172 -0.0419794 -0.0270847
3.82407 0.302185 -0.030436 0.00875668 0.0836553 0.995991 -0.0135177 -0.0180746 5.47098e-05 0.354855 -0.0113722 -0.000543694
3.83982 0.305059 -0.0304039 0.00797681 0.0835193 0.99601 -0.0330239 -0.0498184 0.0341396 0.317839 -0.0140747 0.00358492
3.87409 0.312354 -0.0303463 0.00756507 0.0835642 0.996011 0.0386979 0.0222497 -0.0465668 0.296555 -0.0329977 0.0199573
3.89392 0.316574 -0.030178 0.00769251 0.0837124 0.996003 0.00225152 -0.00359656 -0.0028656 0.350814 -0.0146879 0.0333671
3.91307 0.319646 -0.0298395 0.00754453 0.0835288 0.99603 -0.00644374 0.0143473 0.0325402 0.374132 -0.0174173 0.0353598
3.95491 0.331747 -0.0298314 0.00854555 0.0839735 0.995985 0.0313062 -0.0111492 -0.0871928 0.449216 -0.0265636 0.0219423
3.97554 0.336158 -0.02938 0.00830379 0.0830685 0.996076 0.0302426 0.03118 0.00586229 0.52408 -0.0309357 0.0392164
4.03006 0.345528 -0.0299784 0.00964933 0.083298 0.996027 -0.0335944 0.0173492 0.027744 0.693547 0.0388312 0.0674088
4.05322 0.350231 -0.0304057 0.00881398 0.0840762 0.995956 -0.0555108 -0.0181188 0.0723241 0.621215 0.017934 0.0385617
4.08496 0.359485 -0.030964 0.00767733 0.0835259 0.995995 -0.00369571 0.0617085 0.0708523 0.591955 0.00347896 0.0696719
4.11262 0.3658 -0.031361 0.0082501 0.0844725 0.995898 0.0069058 0.00547634 0.00072065 0.441415 0.017276 0.0758276
4.15412 0.369116 -0.0308696 0.007768 0.0846836 0.995899 0.0125114 -0.0774079 0.0708021 0.3515 -0.0156059 0.0623204
4.17278 0.371237 -0.0303367 0.00840171 0.0852594 0.995861 0.00608846 0.0301438 -0.00416609 0.368739 -0.00857044 0.0385564
4.21592 0.376321 -0.0289466 0.00999432 0.0851162 0.9959 0.00111892 0.00383411 0.00429153 0.515969 -0.00863147 0.00621219
4.24266 0.38005 -0.0292277 0.0100103 0.0855383 0.995856 0.00709376 -0.0269736 0.033524 0.558527 0.00630559 0.0147158
4.26713 0.381577 -0.0284375 0.00951778 0.0855888 0.995879 0.026503 -0.0233036 0.00521798 0.540659 -0.0367511 0.0158914
4.29487 0.384244 -0.0281021 0.00949101 0.0856494 0.995884 -0.00547392 0.0577067 -0.0522875 0.583545 -0.0038137 -0.0425514
4.35999 0.391988 -0.0289414 0.010122 0.0853603 0.995878 0.0146079 -0.0534376 0.0252455 0.647935 -0.0356854 0.0118699
4.3897 0.393408 -0.0286592 0.00933677 0.0850966 0.995917 0.0538675 0.0791831 0.0208696 0.617627 -0.0554396 -0.0388
4.4224 0.396992 -0.027971 0.00937225 0.085455 0.995905 0.0516808 -0.00412693 -0.0697762 0.555158 -0.0505451 -0.0207865
4.47679 0.406544 -0.0295249 0.00931966 0.0851595 0.995886 -0.00415604 -0.0295267 0.012241 0.490305 -0.010425 -0.0132169
4.49893 0.408824 -0.0302967 0.00877665 0.0857741 0.995815 -0.0157535 -0.00931515 0.0272444 0.468104 -0.032914 -0.0399449
4.52003 0.411486 -0.0304183 0.0079657 0.0854987 0.995842 -0.0450421 -0.0273602 0.0188279 0.4655 -0.0236849 0.0211365
4.54551 0.41585 -0.0311512 0.0079732 0.0855204 0.995817 -0.0177337 -0.0288222 -0.0252535 0.399656 -0.0273721 -0.00134977
4.57245 0.419163 -0.0311303 0.00742978 0.0855993 0.995816 0.0205244 0.0383397 -0.0221783 0.537525 -0.0581298 0.0181693
4.63227 0.429812 -0.0300206 0.00747499 0.084971 0.995903 0.0681691 0.0814649 -0.0190061 0.707175 -0.0603568 0.0365117
4.63227 0.429812 -0.0300206 0.00747499 0.084971 0.995903 0.0681691 0.0814649 -0.0190061 0.707175 -0.0603568 0.0365117
4.67394 0.436374 -0.0288546 0.00850573 0.0851368 0.995915 0.0363879 0.0344734 -0.0458029 0.850477 -0.0539334 0.0148675
4.71331 0.447678 -0.0283694 0.00986993 0.0860435 0.995838 0.016544 -0.0675301 0.0394786 0.741974 -0.0264031 0.114856
4.78431 0.461699 -0.0266754 0.0105293 0.0869949 0.995796 0.00686503 -0.0704476 0.0322597 0.67341 -0.0243852 0.106016
4.81325 0.466222 -0.0261524 0.0111626 0.087166 0.995788 0.0515887 0.0675668 -0.00260692 0.689068 -0.0431398 0.0529332
4.85335 0.473668 -0.0253228 0.0128535 0.0871907 0.995787 -0.00796897 -0.0522197 0.0559081 0.651228 -0.0101046 0.0962124
4.88725 0.479256 -0.0248059 0.0130605 0.0870984 0.995805 -0.0356752 0.0822134 0.000288316 0.64147 -0.00478571 0.0544029
4.91676 0.487469 -0.0271912 0.0123406 0.0872112 0.995742 -0.0515124 -0.00951664 -0.0206845 0.630571 0.0246425 0.105913
4.98176 0.502018 -0.0282501 0.0132479 0.088905 0.995551 -0.0520783 0.0397881 -0.0410657 0.609184 0.000647712 0.0551242
5.0424 0.514671 -0.0282329 0.0140705 0.0913944 0.995315 0.0332169 -0.0142411 0.061577 0.706049 -0.0983611 0.00400539
5.04813 0.515742 -0.0280726 0.0139009 0.0915755 0.995305 0.0333434 -0.00810532 0.051554 0.634716 -0.0537843 0.0221097
5.11721 0.526449 -0.0252977 0.0132318 0.0946433 0.995102 0.0582092 -0.053955 0.0337597 0.622232 -0.045466 0.0182224
5.14638 0.532674 -0.0245523 0.0125527 0.096684 0.994933 0.0327999 -0.00802862 0.0991337 0.607951 0.00407753 -0.00553794
5.20995 0.545683 -0.0228368 0.0133792 0.100924 0.994542 0.0413489 -0.0518884 0.0297853 0.572901 -0.0184223 -0.00733246
5.2464 0.555779 -0.0227206 0.0135421 0.104034 0.994222 0.00915573 0.0622371 0.115017 0.642765 0.0149937 -0.0317785
5.27933 0.565365 -0.0227978 0.0127097 0.107186 0.993896 -0.0431544 0.0375595 0.146886 0.632577 0.0410484 -0.0199247
5.30955 0.57439 -0.0235381 0.0138977 0.111438 0.993395 -0.0371698 0.0384744 0.198326 0.611352 0.0356885 -0.0066208
5.34183 0.583962 -0.0238971 0.0150995 0.116305 0.992811 0.0282137 0.0531706 0.138776 0.61433 0.013643 -0.010767
5.40614 0.605913 -0.024997 0.0167907 0.127675 0.991359 -0.0102831 0.0904127 0.259951 0.618759 0.0621731 -0.0336559
5.43846 0.618243 -0.0255431 0.0178966 0.134094 0.990478 -0.0677005 -0.0520931 0.227331 0.573967 0.0664502 0.0729245
5.46927 0.630819 -0.026148 0.0170652 0.140859 0.989537 -0.00323869 -0.00241503 0.217758 0.655865 0.0306621 0.0186838
5.52212 0.648192 -0.0249132 0.0175004 0.154559 0.987514 0.0928166 -0.103792 0.431608 0.464816 -0.0798299 0.0243144
5.53877 0.654736 -0.0240878 0.0161875 0.163017 0.986196 0.055324 0.0189799 0.23119 0.408533 0.0834444 0.00284663
5.57326 0.671592 -0.022549 0.0150778 0.173721 0.984421 -0.0530149 -0.0595026 0.240462 0.633002 0.028797 0.0628722
5.6001 0.681678 -0.022417 0.0145792 0.177529 0.983752 0.00605837 -0.0366153 0.192427 0.609577 -0.0682444 0.111851
5.63052 0.691791 -0.0223153 0.0133911 0.178198 0.98365 -0.00330018 -0.0324045 -0.0504594 0.634794 -0.0467316 0.0999936
5.66198 0.701961 -0.0231237 0.0135508 0.179889 0.983322 -0.0619915 -0.104183 0.200992 0.672314 0.0115388 0.0563326
5.73804 0.72319 -0.0224504 0.012146 0.184143 0.982568 -0.0172813 -0.0369305 0.0421183 0.686495 -0.0749086 0.0829196
5.77335 0.732231 -0.0219257 0.011491 0.185036 0.98242 0.0294374 0.00333188 0.0785647 0.705524 -0.0807307 0.0278493
5.81384 0.746439 -0.0221066 0.013016 0.186705 0.982081 0.05054 0.0615362 0.0614618 0.702828 -0.0846624 0.053425
5.87527 0.769414 -0.022826 0.0136157 0.189502 0.981521 -0.0555489 0.100978 0.102851 0.689731 -0.0128138 0.0332735
5.90667 0.78469 -0.0235934 0.014421 0.191111 0.981179 0.000991791 0.138474 0.0308627 0.723918 -0.033356 0.00805846
5.97056 0.819034 -0.0233509 0.0130061 0.193547 0.980727 0.00232306 0.00821165 0.0196019 0.736767 -0.00962365 0.00227093
6.00576 0.841834 -0.0226531 0.0117214 0.195464 0.980379 0.0993726 -0.0056014 0.0356979 0.820497 -0.033091 0.0304153
6.00966 0.843252 -0.0224031 0.0117957 0.195561 0.980365 0.0994036 0.0315907 0.0703797 0.831756 -0.0469971 0.0300088
6.08269 0.877138 -0.0189081 0.0142308 0.198123 0.979891 0.0275835 0.0965585 -0.0795686 0.805228 -0.00599083 0.0335792
6.16008 0.919287 -0.0201188 0.0168547 0.198853 0.979678 -0.0161008 -0.0163189 0.0252706 0.769832 0.021364 0.0378946
6.19758 0.936079 -0.0191763 0.0148606 0.199326 0.979633 0.00826643 -0.0309075 0.0104158 0.752824 -0.00638947 0.0171361
6.27466 0.973976 -0.0197193 0.0157793 0.203965 0.978652 0.081126 -0.0119751 0.0877723 0.87409 -0.00282713 0.0866142
6.3096 0.990196 -0.0192398 0.0147399 0.206011 0.97825 -0.0183651 0.0367566 0.084949 0.882044 0.0159758 0.0202489
6.35615 1.01371 -0.0203675 0.0160066 0.207152 0.977966 -0.0588812 0.0742381 0.0810469 0.86565 0.0502021 0.0237172
6.39831 1.0398 -0.0202564 0.014555 0.21037 0.977304 -0.0222087 -0.0987008 0.168926 0.815162 0.043532 -0.0178118
6.43652 1.06248 -0.0197755 0.0139305 0.21634 0.976018 0.0973833 -0.0168332 0.239448 0.711688 0.0082614 0.0092692
6.5009 1.09615 -0.0173232 0.0143338 0.223957 0.97434 -0.0209257 0.143399 0.154145 0.736884 0.041461 -0.0579045
6.52986 1.11087 -0.0174495 0.0153579 0.227536 0.973492 -0.0175265 0.0772618 0.242308 0.758377 0.0394533 -0.00061617
6.56812 1.13265 -0.0176972 0.0168567 0.235493 0.971569 -0.0363199 -0.109477 0.28036 0.647371 0.00453113 0.0783975
6.59676 1.15158 -0.0162418 0.0152837 0.241659 0.970105 -0.0306864 -0.00222385 0.350908 0.669166 0.0807664 0.0160238
6.64978 1.18307 -0.0163103 0.0157851 0.252317 0.967378 0.0555787 0.0285074 0.14001 0.691573 0.0155216 0.00967945
6.68258 1.20428 -0.0164557 0.0161453 0.257388 0.966033 0.0623011 0.143587 0.271335 0.734832 -0.0150525 0.0140161
6.71675 1.22858 -0.0157923 0.016241 0.266923 0.963451 -0.0327043 0.0419958 0.282931 0.71068 0.0235062 0.025632
6.77423 1.27011 -0.0169704 0.0155858 0.279574 0.959848 0.000888944 0.0377736 0.190988 0.733117 0.0288477 -0.0244113
6.80869 1.29249 -0.0167736 0.0159341 0.285089 0.958222 0.0139405 -0.170176 0.247706 0.689418 0.0280099 0.0708934
6.8386 1.31223 -0.0163603 0.0144633 0.291894 0.956201 -0.0493193 0.0268041 0.329333 0.73957 0.0163945 -0.0581905
6.88782 1.35607 -0.0172966 0.0121184 0.30703 0.951466 0.0189048 0.014873 0.219197 0.615098 0.0191806 -0.0147715
6.89027 1.35794 -0.017253 0.0121966 0.307493 0.951316 0.0398851 0.0595879 0.198302 0.61898 0.0119568 -0.0305914
6.94103 1.40087 -0.0167204 0.0144927 0.316905 0.948199 -0.00860235 -0.00610634 0.267312 0.769012 0.0402391 0.021445
7.00565 1.44761 -0.0162107 0.0139171 0.324259 0.945727 -0.000469871 -0.0384309 0.122812 0.762414 -0.0123482 0.0239149
7.04149 1.46819 -0.0165296 0.0115302 0.32658 0.944955 0.0262586 -0.0268468 -0.0220435 0.743513 -0.0557293 0.017171
7.07476 1.48657 -0.0166312 0.0116146 0.327673 0.944573 0.000793842 -0.0113061 0.113921 0.775399 -0.0721452 0.0215759
7.11092 1.50578 -0.0165412 0.0112937 0.329338 0.944 -0.0461071 0.0979852 0.0383842 0.805387 -0.0608386 -0.0316559
7.16178 1.55848 -0.0182045 0.0114756 0.333356 0.942556 -0.0825264 0.00442217 0.0289173 0.751577 -0.0059725 0.0379859
7.16178 1.55848 -0.0182045 0.0114756 0.333356 0.942556 -0.0825264 0.00442217 0.0289173 0.751577 -0.0059725 0.0379859
7.22808 1.60155 -0.0186989 0.0105998 0.336447 0.941457 0.0311094 0.0314222 0.0639589 0.76108 -0.0767014 0.060492
7.30504 1.66156 -0.0192216 0.0117827 0.339272 0.940418 -0.0365617 -0.091224 0.0347793 0.788781 -0.0420857 0.0749045
7.34262 1.68719 -0.0184215 0.0109116 0.339958 0.940197 -0.045877 -0.0916729 0.053755 0.804669 -0.0756774 0.0395974
7.38406 1.72105 -0.0194121 0.0101764 0.340715 0.939911 0.0179361 -0.0202967 0.0207849 0.806851 -0.0747156 0.0360577
7.42482 1.75232 -0.0191637 0.0092286 0.342302 0.939349 -0.00210842 -0.0691791 0.00708324 0.791288 -0.0586331 0.0269649
7.49951 1.81107 -0.0189141 0.00997129 0.343434 0.938933 0.0384015 -0.0683373 0.00332782 0.746591 -0.0830966 0.0538261
7.53659 1.84076 -0.0194522 0.00671449 0.343658 0.938869 -0.0238196 0.033883 0.0568195 0.810578 -0.0450632 -0.0213165
7.60436 1.89257 -0.0195408 0.00942554 0.348324 0.937123 0.0144966 0.060014 0.191679 0.687185 -0.0384242 -0.0318127
7.63262 1.9183 -0.020581 0.0106559 0.35113 0.93604 -0.0480712 0.0102288 0.115843 0.565652 -0.0301891 0.0186098
7.63497 1.92011 -0.020727 0.0106777 0.351405 0.935933 -0.0629558 0.0412863 0.135687 0.574872 -0.0361859 0.0176745
7.69564 1.97944 -0.0214023 0.0118053 0.355697 0.934282 0.0469104 -0.0425289 0.0986032 0.502138 -0.056641 0.0332641
7.72204 2.0041 -0.0201813 0.0114185 0.360057 0.932642 0.0528154 0.132895 0.170151 0.645872 -0.0151777 -0.0255025
7.77979 2.06042 -0.0195599 0.0131077 0.367503 0.929724 0.0360332 0.0666752 0.095691 0.727363 -0.0330111 0.0138206
7.80997 2.09084 -0.0197606 0.0117775 0.370221 0.928659 -0.0716789 0.0385458 0.128477 0.775396 0.00492232 0.0109856
7.83731 2.11882 -0.0207785 0.0131431 0.374154 0.927041 -0.0273015 0.0795549 0.164433 0.738774 0.00719272 -0.00928143
7.8962 2.17849 -0.0202086 0.0102647 0.381628 0.924038 -0.0236422 -0.0503105 0.138951 0.649753 -0.0105255 0.0446955
7.92438 2.20821 -0.0195602 0.00950953 0.385085 0.922625 0.0458966 0.0391445 0.091847 0.704185 -0.0473731 0.0583152
7.977 2.26135 -0.0188902 0.0104178 0.391318 0.920003 0.0236222 0.0469029 0.144499 0.762209 -0.0454384 0.0330944
7.98515 2.26907 -0.0188536 0.0106342 0.392481 0.919506 0.015923 0.0596506 0.218894 0.735131 -0.0318616 0.0471583
8.00627 2.29612 -0.0182629 0.0100151 0.396673 0.917724 0.0170693 0.0203702 0.226041 0.672747 -0.0322299 0.0133796
8.04759 2.34179 -0.0176822 0.00968292 0.4044 0.91436 0.00978257 0.0223167 0.157176 0.626826 -0.0316277 0.0153204
8.06727 2.36163 -0.0173005 0.0091624 0.407417 0.913032 -0.00707457 -0.0192263 0.124265 0.618516 -0.0615021 0.0561078
8.11418 2.41783 -0.0171817 0.00910609 0.415008 0.90961 0.0405074 -0.0383343 0.173126 0.659641 -0.065444 0.0317874
8.13428 2.44388 -0.0169179 0.00877458 0.418293 0.908112 -0.0137531 -0.103023 0.120807 0.64061 -0.0471461 0.0148589
8.15434 2.4746 -0.0188492 0.00844554 0.4218 0.906453 -0.0649111 0.0498025 0.149444 0.706577 0.0365211 -0.0388664
8.17408 2.49839 -0.0182512 0.0072393 0.42519 0.904891 -0.029857 -0.112073 0.171888 0.5761 -0.0397958 -0.0011954
8.21119 2.54014 -0.0185578 0.00739111 0.42917 0.903003 0.0190778 0.0427672 0.00181891 0.551979 -0.0678982 -0.00802969
8.26091 2.59839 -0.0186744 0.0089752 0.434025 0.900662 0.00121969 -0.0291225 0.151587 0.72883 -0.0816926 0.020409
8.29186 2.6369 -0.0200481 0.00953899 0.435597 0.899868 -0.0329168 -0.00708388 0.0062196 0.770899 -0.046466 0.0226066
8.31479 2.66272 -0.0205101 0.00877913 0.436477 0.899439 -0.0299021 0.0150226 0.0900737 0.80051 -0.0625828 0.0190728
8.35138 2.70504 -0.0204946 0.0102259 0.43798 0.898693 0.074881 -0.00295794 0.0315357 0.749409 -0.136031 0.0383598
8.3847 2.74634 -0.0213578 0.0130256 0.439394 0.897946 0.0617791 0.0978705 0.0274651 0.798032 -0.0866317 0.000666334
8.43692 2.81796 -0.0223528 0.0110488 0.440282 0.897513 -0.0045597 -0.0533751 0.0241761 0.688214 -0.0486836 0.0380007
8.43918 2.82049 -0.0222595 0.0107953 0.440357 0.897482 -0.0319587 -0.111784 0.056616 0.666254 -0.0499394 0.0485993
8.48454 2.87784 -0.0196048 0.00896784 0.442722 0.8964 0.00651355 -0.056001 -0.0411756 0.573999 -0.0805218 0.0588206
8.53016 2.9417 -0.019958 0.00627261 0.443969 0.895798 0.0245364 -0.109137 -0.0234526 0.532932 -0.0749995 0.0432108
8.54891 2.97369 -0.0188856 0.00644077 0.445131 0.895243 0.00136305 -0.0532426 0.0592171 0.575162 -0.0211917 0.0597955
8.57176 3.00153 -0.018339 0.00682475 0.446815 0.894412 -0.00455846 0.00650863 0.110786 0.666923 -0.0408465 -0.0153069
8.59301 3.03461 -0.018224 0.00798193 0.447388 0.894118 0.0319161 0.0103496 0.0231197 0.697423 -0.0600714 0.00850628
8.63669 3.09477 -0.0179519 0.00975057 0.448544 0.893527 0.0194023 0.13142 0.00231017 0.809412 -0.052933 0.0103541
8.66105 3.12536 -0.0188047 0.0110446 0.448976 0.893278 -0.0950254 -0.0837037 -0.060179 0.703446 -0.0235201 0.0272837
8.67955 3.15428 -0.0190977 0.00819735 0.448421 0.893581 -0.0579164 0.163414 0.0779104 0.677197 -0.030446 -0.0139505
8.70359 3.18345 -0.0195145 0.00833973 0.449089 0.893235 -0.033177 0.0462689 -0.0355964 0.645877 -0.051323 0.00828221
8.75832 3.24614 -0.0196621 0.0102065 0.450633 0.892434 -0.00256901 0.029512 0.0117265 0.734601 -0.0680305 -0.0101947
8.78171 3.27298 -0.0200957 0.0110488 0.450497 0.892483 0.0624298 0.0801059 0.0181422 0.696947 -0.098387 -0.0379947
8.82577 3.32197 -0.0189503 0.00904202 0.45156 0.891994 -0.0423114 -0.0451783 0.0358472 0.638712 -0.0615339 -0.0327718
8.82988 3.32653 -0.0190184 0.00867269 0.451759 0.891895 -0.044373 -0.0116783 0.0338768 0.624309 -0.0580032 -0.015353
8.88197 3.37654 -0.0170801 0.00927444 0.453175 0.89121 0.116838 0.0594988 0.0233121 0.76103 -0.157145 -0.00637041
8.91713 3.41423 -0.0170973 0.0107879 0.453738 0.890906 0.0431691 0.060116 -0.167863 0.820449 -0.140125 -0.00229742
8.94734 3.445 -0.0171761 0.0103582 0.452824 0.891374 -0.0287323 -0.146775 -0.00588643 0.810971 -0.138702 -0.0126565
8.95293 3.45091 -0.0171218 0.00978552 0.45296 0.891313 -0.0341959 -0.125588 0.0228867 0.807301 -0.109978 0.00487643
8.97753 3.47926 -0.0185489 0.009038 0.45304 0.891251 -0.089675 0.0444912 -0.0286622 0.877514 -0.0373829 -0.0618412
9.00116 3.50758 -0.0194592 0.00553804 0.453672 0.890939 -0.148199 -0.0292518 0.0673846 0.739525 -0.0477773 -0.0767461
9.03579 3.56324 -0.019071 0.00162114 0.457184 0.889166 0.0337975 0.151731 0.0143296 0.469491 -0.0769744 -0.112365
9.05358 3.59163 -0.0186478 0.000811049 0.455792 0.88989 -0.0542573 -0.0858358 0.0926388 0.404675 -0.00657479 -0.00659715
9.06884 3.6155 -0.0193997 0.00213504 0.456968 0.889269 0.04113 -0.00927758 -0.0233809 0.450695 -0.0274016 -0.0399152
9.11098 3.66954 -0.0158563 0.0046882 0.457264 0.889178 0.0190001 -0.0010518 0.0613281 0.593519 -0.0535895 -0.0371039
9.13867 3.7084 -0.0154825 0.00687412 0.458414 0.888577 0.0341269 0.0112907 -0.0447022 0.685802 -0.0526783 -0.00702778
9.1843 3.77803 -0.0148555 0.00708331 0.458665 0.888457 -0.0285746 -0.00847656 -0.0363746 0.704859 -0.0146513 0.00360831
9.1863 3.78089 -0.0148934 0.00691924 0.458571 0.888506 -0.0533576 -0.0907394 -0.053167 0.694078 -0.00125539 0.00603094
9.23162 3.85202 -0.0170032 0.00353873 0.458711 0.888416 -0.022319 -0.0745619 0.0508982 0.709802 -0.0368428 -0.0301224
9.2762 3.92068 -0.0187982 0.00329781 0.459592 0.887925 0.00669553 -0.139046 0.00422625 0.678824 -0.0287541 0.00782828
9.27844 3.92316 -0.0186463 0.00310144 0.459563 0.887944 0.0302097 -0.0483962 -0.0268399 0.666856 -0.0552334 -0.00180713
9.32567 3.98998 -0.0183607 0.00292654 0.460017 0.887716 0.076047 0.0411167 -0.0128762 0.78671 -0.0824894 -0.0292699
9.38389 4.05957 -0.0151791 0.00473631 0.460764 0.88738 0.0304137 -0.0166643 0.0157463 0.871736 -0.098445 -0.0377341
9.41205 4.10179 -0.014993 0.005242 0.460641 0.887444 -0.13162 0.0336818 0.0283767 0.869318 -0.00877511 -0.0281211
9.43217 4.1315 -0.0174113 0.00583876 0.46049 0.887475 -0.0302376 -0.0939153 0.0754818 0.781747 -0.0450442 0.00815091
9.48277 4.20232 -0.0182747 0.00329314 0.458254 0.888628 -0.0454765 -0.0623042 0.00386898 0.754463 -0.0454884 -0.0333621
9.50371 4.23305 -0.0197571 0.00329843 0.459107 0.888155 -0.0175637 0.00670554 0.0817098 0.782586 -0.0294786 -0.0101369
9.53126 4.27377 -0.0203723 0.00271642 0.458821 0.888291 -0.0378127 0.0171815 0.0559162 0.765537 -0.0524201 -0.0715387
9.5524 4.30479 -0.0203703 0.000919876 0.458359 0.888533 -0.050563 -0.0954255 -0.0293533 0.673943 -0.0566199 0.0230336
9.57656 4.34184 -0.0209588 -0.000761691 0.45812 0.888643 -0.0335149 0.108255 -0.0220412 0.796449 -0.0309019 -0.0831781
9.6032 4.37344 -0.0208638 0.0014476 0.457655 0.888884 0.0798814 -0.103707 0.0504388 0.752389 -0.121824 2.06822e-05
9.65519 4.44459 -0.0192237 0.00250643 0.45789 0.888797 -0.00960155 0.0557357 0.0620491 0.847226 -0.040956 -0.0651131
9.67717 4.48306 -0.0195937 0.00246777 0.458081 0.888691 0.0094001 -0.0534245 -0.00960317 0.753929 -0.0597838 0.0197724
9.69912 4.51155 -0.0189105 0.00288902 0.458238 0.888624 0.047903 0.00674618 -0.00304081 0.773618 -0.0892224 -0.0336867
9.74895 4.5801 -0.0186419 0.00498753 0.456673 0.889425 0.0193181 0.16699 0.00100715 0.888854 -0.0755357 -0.0135967
9.80903 4.6736 -0.0232959 0.00896934 0.457593 0.888811 0.0582241 -0.00771981 -0.00606661 0.889593 -0.0499128 0.0835832
9.82965 4.71224 -0.0230143 0.00746186 0.457999 0.888623 -0.0330012 0.0165554 0.0556307 0.875438 -0.019192 0.0257688
9.85426 4.7462 -0.0224296 0.00750091 0.458442 0.88841 0.059657 0.0506961 -0.0151703 0.820218 -0.0559886 0.0626163
9.87731 4.77869 -0.0212093 0.0075429 0.459195 0.88805 0.0051559 -0.0686691 0.0777508 0.724179 -0.0481595 0.0452067
9.89827 4.80817 -0.020054 0.00817878 0.45976 0.887779 0.0885408 -0.0659377 -0.0104998 0.686546 -0.0661708 0.0126216
9.93959 4.86507 -0.0190586 0.00868865 0.459408 0.887978 0.0339616 -0.096691 -0.0181104 0.69731 -0.05797 0.033342
9.96319 4.89738 -0.0179843 0.00979715 0.459411 0.887988 0.068267 -0.00952564 0.00720191 0.704255 -0.074065 -0.00878584
9.98381 4.92515 -0.0166381 0.00637253 0.458955 0.888281 -0.00985045 -0.0970799 -0.0442877 0.61469 -0.0334047 0.00841543
10.0228 4.98425 -0.0173134 0.00614761 0.459357 0.888062 0.00946943 0.0472698 -0.0362716 0.683402 -0.0312791 -0.0589895
10.0425 5.01797 -0.0185361 0.00683191 0.458747 0.888347 -0.0397093 -0.0336341 0.0306468 0.662455 -0.0167488 0.036424
10.0778 5.0786 -0.0184505 0.00523681 0.459015 0.888222 0.0169607 0.0617379 0.0176543 0.745851 -0.0126391 -0.0244152
10.1197 5.13905 -0.0153508 0.00333405 0.45903 0.888282 0.0435669 0.051897 -0.0424448 0.773574 -0.0615508 -0.0426051
10.1197 5.13905 -0.0153508 0.00333405 0.45903 0.888282 0.0435669 0.051897 -0.0424448 0.773574 -0.0615508 -0.0426051
10.1222 5.14204 -0.0153067 0.00354242 0.458931 0.888333 0.0764423 0.0504203 -0.052701 0.784235 -0.0639056 -0.0501928
10.1491 5.17566 -0.0138667 0.00522017 0.459103 0.88826 0.00616328 0.0586499 0.0173704 0.804656 -0.0300754 -0.0449136
10.1491 5.17566 -0.0138667 0.00522017 0.459103 0.88826 0.00616328 0.0586499 0.0173704 0.804656 -0.0300754 -0.0449136
10.1729 5.21301 -0.0143691 0.00389213 0.459181 0.888218 -0.0599568 -0.0690771 0.0875271 0.752123 0.000531957 -0.0294328
10.1964 5.24804 -0.0139163 0.00499149 0.459774 0.887913 0.0654644 0.12105 -0.158015 0.745592 -0.0708474 -0.0621219
10.3167 5.4233 -0.0164068 0.00350494 0.459186 0.888182 -0.0413078 0.0681752 -0.00317206 0.656227 0.000310866 -0.0205448
10.3186 5.42601 -0.0165987 0.00368045 0.459201 0.88817 -0.0336505 0.101649 0.0296271 0.661214 0.00703477 -0.0222913
10.3588 5.48012 -0.0139045 0.00148567 0.459505 0.888065 0.0473851 0.0178074 0.00508937 0.753 -0.0526003 0.00628184
10.3984 5.53609 -0.0145847 0.00296456 0.459548 0.888028 -0.0187584 -0.184742 -0.00840719 0.784519 -0.0264697 0.00825302
10.408 5.54842 -0.0140092 0.00182875 0.459316 0.888161 0.0132518 -0.0468819 -0.0513033 0.778793 -0.0462226 0.0105009
10.4589 5.61457 -0.0132945 0.00179657 0.458874 0.8884 -0.0509326 -0.0757547 -0.000981815 0.787176 -0.0223105 -0.0245517
10.4833 5.64454 -0.0131892 0.000263039 0.458241 0.88873 -0.0483022 0.0903951 -0.0333893 0.843877 -0.0172472 -0.0679363
10.5049 5.67814 -0.0142525 -0.000890125 0.458245 0.888711 -0.0592875 -0.0382541 0.0200576 0.835458 -0.0205412 -0.0536791
10.5349 5.72298 -0.0149105 0.000486739 0.458678 0.888477 0.0284469 -0.0108795 0.0165737 0.883954 -0.0522428 -0.0383286
10.5644 5.76448 -0.0154645 0.000470449 0.459095 0.888253 -0.00789491 0.217413 -0.0283363 0.941524 -0.0300177 -0.065514
10.5961 5.8109 -0.0153679 0.00160946 0.459306 0.888144 -0.00787432 -0.0831982 0.0152623 0.778378 -0.0353049 0.0413735
10.6245 5.84934 -0.0140531 0.000302858 0.460207 0.887701 -0.00577977 0.120685 0.0414776 0.906108 -0.0229322 -0.0568093
10.691 5.93378 -0.0126972 0.0016974 0.460584 0.887524 0.0807219 0.011781 -0.0359527 0.886608 -0.0902563 -0.00707466
10.7309 5.97818 -0.0127063 0.00263152 0.460518 0.887556 -0.0911851 -0.0577378 -0.00400668 0.878809 -0.053762 0.0646757
10.767 6.02505 -0.0141951 0.00190426 0.459934 0.887838 -0.0311867 0.200043 0.0203212 0.985898 -0.0584815 0.00756581
10.8026 6.06705 -0.0143585 0.00265794 0.460294 0.887647 0.0550079 0.126547 -0.0515823 0.934818 -0.135558 0.016429
10.8604 6.14575 -0.0148336 0.00535079 0.461264 0.887123 0.0072676 0.170418 0.019493 0.973337 -0.0824402 -0.00435296
10.8868 6.18418 -0.0152623 0.00714868 0.461564 0.886947 0.0029741 -0.0970098 0.014414 0.866287 -0.0545092 0.11314
10.9156 6.22136 -0.0148354 0.00749419 0.461607 0.886929 0.0358509 0.131336 0.0706689 0.927386 -0.0731785 0.0506241
10.989 6.30919 -0.0135712 0.00888966 0.462241 0.886606 0.0221699 0.0303554 -0.0333986 0.966551 -0.0946046 0.106736
11.0195 6.35439 -0.0132535 0.010802 0.462406 0.886503 0.00836255 0.00146197 -0.0319571 0.960672 -0.0978695 0.0571066
11.068 6.43237 -0.013148 0.00830199 0.462343 0.886565 -0.0526554 -0.0103265 -0.0632456 0.871527 -0.0512183 0.001092
11.0868 6.46145 -0.0125515 0.00591691 0.462426 0.886549 0.0511609 -0.192913 -0.121071 0.779253 -0.0677937 0.108932
11.1347 6.53438 -0.0139878 0.00537079 0.462801 0.886336 0.00178267 -0.0128565 0.0689936 0.79008 -0.0555972 0.0528983
11.1397 6.54073 -0.0138041 0.00522778 0.463103 0.886182 0.029612 -0.0683262 0.0456148 0.790471 -0.0516179 0.0339321
11.1608 6.56531 -0.012999 0.00379438 0.463032 0.886238 -0.068741 -0.0280217 -0.0456766 0.785637 -0.0532275 0.00379368
11.2161 6.63266 -0.0127579 0.00360789 0.463134 0.886189 0.0807578 -0.127478 0.00243679 0.842543 -0.0893122 0.0174612
11.2532 6.6706 -0.012624 0.00731777 0.46222 0.886645 -0.0205847 0.179007 -0.0913033 0.986649 -0.100427 -0.0865058
11.306 6.74038 -0.0141851 0.00703413 0.462847 0.886297 -0.0638236 0.00288779 0.0805642 0.911867 -0.0469205 -0.00234248
11.3317 6.78342 -0.0147158 0.0057291 0.463601 0.885903 0.0242094 -0.202611 -0.0205052 0.792277 -0.0660836 0.0189289
11.3502 6.80897 -0.0133874 0.00447249 0.463909 0.885771 0.0325113 -0.00323431 0.00647308 0.809547 -0.0695119 0.0134349
11.3777 6.84683 -0.0145301 0.00497005 0.463697 0.885861 -0.0561475 -0.0307513 0.0715686 0.790663 -0.0240266 -0.0432849
11.3961 6.87647 -0.0144516 0.00426565 0.463965 0.885725 -0.0422205 -0.0992665 0.0365893 0.752074 -0.0353305 -0.000814782
11.4304 6.92451 -0.0139862 0.00401923 0.464667 0.885366 0.0494106 0.018321 0.0461839 0.875875 -0.0812493 -0.0101073
11.4609 6.96659 -0.0138863 0.00222513 0.464403 0.885513 -0.0574134 -0.105719 -0.0314213 0.869627 -0.0252586 0.00545478
11.493 7.01949 -0.0139064 0.00307309 0.464932 0.885232 0.0867742 0.0382492 0.02308 0.998395 -0.0713788 0.0105373
11.5218 7.05876 -0.0117502 0.00230446 0.463879 0.885818 -0.0415259 -0.33884 -0.166629 0.88834 -0.0624668 0.0698315
11.5872 7.1547 -0.01557 0.00264109 0.463693 0.885855 0.0654446 -0.0181144 -0.0282577 1.0029 -0.0351093 -0.00285964
11.6433 7.2289 -0.0155083 0.00304211 0.464872 0.885237 0.0310442 0.158943 -0.02899 0.955398 -0.0528898 -0.0264036
11.6753 7.26646 -0.0146208 0.00388792 0.46484 0.885266 -0.0114728 -0.152405 0.0529391 0.92193 -0.070953 0.0378864
11.7005 7.30113 -0.0151193 0.00439634 0.465639 0.884835 0.0698865 0.0894947 0.0322892 0.892713 -0.0634967 -0.0285925
11.7385 7.34785 -0.0148734 0.00429555 0.465824 0.884742 0.0257296 0.117329 0.014065 0.90134 -0.0533703 0.0154381
11.7653 7.38456 -0.0151741 0.00627662 0.465442 0.884926 -0.0314016 0.0491488 -0.0422967 0.893243 -0.0486972 0.0256334
11.8198 7.46263 -0.0178571 0.00714885 0.465503 0.884837 0.00761251 0.0058445 0.0888874 0.881081 -0.0451124 0.0491909
11.8499 7.50398 -0.0177517 0.00741414 0.465327 0.88493 -0.0218694 -0.00274288 0.0618797 0.906524 -0.0288522 0.0233914
11.9031 7.58213 -0.017274 0.00599887 0.465542 0.884837 -0.00885249 0.0978396 -0.0696462 0.945382 -0.0434245 0.0287661
11.9275 7.6148 -0.0163565 0.00530133 0.465777 0.884735 0.0529664 -0.16983 -0.0240494 0.948329 -0.0761396 0.138597
11.9645 7.67054 -0.0168856 0.00446998 0.465501 0.884875 -0.0432446 -0.0671682 0.0266572 1.05042 -0.00918403 0.0306254
12.0179 7.75342 -0.0165608 0.00294989 0.466391 0.884418 0.109497 0.0320741 0.119252 1.03944 -0.0963826 0.0633605
12.0535 7.80604 -0.0160178 0.00121254 0.465205 0.885057 0.0317138 -0.0140797 -0.0871306 0.895832 -0.064662 0.0515482
12.0877 7.85657 -0.0170999 0.00260955 0.465283 0.884993 -0.0115691 -0.0172418 -0.0366603 0.855826 -0.0489415 0.0412351
12.1082 7.8957 -0.0174554 0.00172828 0.466062 0.884578 0.0627325 -0.187919 -0.00741635 0.776053 -0.0261554 0.0941064
12.1288 7.94144 -0.0164613 0.00156791 0.465744 0.884765 0.0318431 0.0970216 -0.00772595 0.88103 0.000195206 0.0104448
12.1742 8.01615 -0.0163361 0.00320202 0.466224 0.88451 -0.00630157 -0.0107615 0.0633211 0.859457 0.013301 0.0174117
12.2011 8.05493 -0.0169073 0.00495248 0.467074 0.884043 0.0626853 0.0226824 -0.0208601 0.77327 -0.0122786 0.0334635
12.2432 8.11733 -0.0150007 0.0037924 0.467111 0.884064 0.10989 0.143537 -0.00833577 0.650824 -0.0471062 0.0140317
12.2529 8.12945 -0.0145648 0.00432924 0.46683 0.884217 0.0502271 0.0856265 -0.0329418 0.707351 -0.0663704 -0.0344803
12.2707 8.15813 -0.0144996 0.00351236 0.466923 0.884172 -0.021177 -0.089497 -0.0255802 0.608124 0.0298104 0.0242801
12.3137 8.22111 -0.0166484 0.00356601 0.46657 0.88432 -0.038343 0.0864159 0.0531263 0.673479 -0.00928266 -0.0236239
12.3358 8.24946 -0.0171668 0.00468661 0.466749 0.884211 -0.0222057 0.0207352 0.0104413 0.643701 -0.0257306 0.00429494
12.3851 8.31812 -0.016026 0.00357952 0.467297 0.883948 -0.000859781 0.0487921 0.0029741 0.704306 -0.0238316 -0.0234931
12.4065 8.34849 -0.0155631 0.00288499 0.467023 0.884103 -0.010671 -0.046839 -0.0172778 0.629756 -0.022903 -0.00350928
12.4541 8.41453 -0.0149043 0.00371941 0.467765 0.883719 0.0245136 0.00470264 -0.0162063 0.66344 -0.0338978 -0.0319874
12.4541 8.41453 -0.0149043 0.00371941 0.467765 0.883719 0.0245136 0.00470264 -0.0162063 0.66344 -0.0338978 -0.0319874
12.4994 8.476 -0.0144704 0.0032391 0.467701 0.883762 0.00184473 0.0013186 -0.0171202 0.691705 -0.029392 -0.0215505
12.5435 8.53489 -0.0133536 0.00252407 0.467863 0.883696 0.0238791 -0.0177608 -0.0278833 0.578428 -0.0358518 0.00351561
12.5676 8.57312 -0.0136931 0.00296216 0.46797 0.883633 -0.0558556 0.0383512 0.0740788 0.698847 0.00971341 -0.0034793
12.588 8.60734 -0.0153608 0.00261848 0.466979 0.884131 -0.0905294 -0.00140304 -0.0750528 0.845115 0.0232061 -0.032458
12.6123 8.64749 -0.0151549 0.00268381 0.467579 0.883817 0.0863674 -0.176394 0.0395501 0.702239 0.00197733 0.0867098
12.6548 8.71355 -0.013762 0.00295172 0.468815 0.883184 0.00358452 0.133183 -0.0465194 0.777197 0.0120924 -0.0390321
12.6735 8.73901 -0.0133408 0.00224841 0.468489 0.883366 0.00761516 -0.102348 -0.0570395 0.696626 0.000232314 0.018741
12.7081 8.78702 -0.0127651 0.0014294 0.468471 0.883385 -0.0543173 -0.0546868 0.0149802 0.757227 0.00130934 -0.0076086
12.7591 8.86445 -0.0134441 0.000981605 0.468927 0.883134 0.0598305 0.00311634 0.00448418 0.85965 -0.0428728 0.0329447
12.7851 8.90226 -0.0127487 0.00384307 0.46848 0.883374 0.0632451 0.122651 -0.0575226 0.921091 -0.0595964 -0.0201571
12.8059 8.93472 -0.0122749 0.00137343 0.467909 0.88369 0.00332808 -0.079953 -0.042795 0.897512 -0.0262052 0.0425298
12.8328 8.96886 -0.0137745 0.00313431 0.468024 0.883603 0.0236757 0.0457514 -0.0528407 0.897759 -0.0627795 -0.0180823
12.8827 9.02814 -0.0124315 0.00374631 0.469229 0.882981 -0.0584905 -0.165002 0.102508 0.789573 -0.018658 0.0178359
12.9083 9.06395 -0.0124621 0.00358409 0.468998 0.883104 -0.0359707 -0.0463946 0.0257923 0.839766 -0.0170259 -0.0438134
12.9616 9.13519 -0.0131776 0.0038767 0.469678 0.882731 -0.0180885 0.0631163 0.07593 0.84018 -0.0462035 -0.0261434
12.9929 9.17626 -0.0129659 0.00268536 0.46968 0.882737 -0.0821284 -0.149311 0.0324382 0.826311 -0.0217779 -0.00785079
13.0244 9.21853 -0.0136856 0.00376963 0.470042 0.88253 0.0857502 0.0779787 -0.0123752 0.879427 -0.0909625 -0.00388269
13.0596 9.26124 -0.0146547 0.0016909 0.469897 0.882598 -0.0306183 0.0560646 -0.0165384 0.820599 -0.0302882 -0.0190995
13.108 9.3296 -0.0143471 0.00491258 0.470319 0.882366 0.0391462 0.166467 -0.039862 0.805262 -0.0651729 0.000598871
13.14 9.37726 -0.0138555 0.00466006 0.470416 0.882324 -0.0166738 -0.0772452 0.0517042 0.75203 -0.0244292 0.0260142
13.1676 9.41184 -0.0141997 0.00544382 0.470671 0.882178 0.00168816 0.0469654 0.0273956 0.780325 -0.057574 0.00971043
13.2295 9.48748 -0.0147677 0.00364878 0.471285 0.88185 0.0069436 0.0159037 -0.0140008 0.800568 -0.0753805 0.0232858
13.2627 9.52631 -0.0140077 0.00389512 0.471356 0.881823 0.0646832 -0.0862092 -9.72953e-05 0.783506 -0.114689 0.05497
13.2903 9.56133 -0.013606 0.00359126 0.471732 0.88163 0.0551612 0.0738496 0.0112075 0.773924 -0.0886656 0.0261484
13.3104 9.59589 -0.012227 0.00378438 0.471963 0.881525 0.0764634 -0.0252556 -0.0340774 0.740162 -0.110506 0.021704
13.3526 9.66476 -0.0134357 0.00175497 0.471069 0.881992 -0.0630818 -0.02987 -0.0414366 0.791728 -0.0396606 0.0438866
13.375 9.69972 -0.0151884 0.000380361 0.470752 0.882135 -0.0629766 0.0408763 -0.000240343 0.819666 -0.026652 0.0396778
13.4025 9.74657 -0.0152303 -0.000996755 0.47073 0.882145 -0.0138089 -0.053406 -0.023891 0.768571 -0.0796269 0.0961504
13.4249 9.78945 -0.0157318 0.000483678 0.471355 0.881803 0.0740119 -0.0339279 0.0136174 0.816013 -0.0977502 0.0355546
13.4606 9.8602 -0.0133869 0.000365777 0.471548 0.881739 0.0299742 0.0607975 -0.0250655 0.805572 -0.025393 0.0159729
13.4831 9.89934 -0.0147181 0.00157519 0.472113 0.881414 -0.00716656 0.0230985 0.0529641 0.778162 -0.00190737 -0.0172962
13.5331 9.96988 -0.0137892 0.00115801 0.472104 0.881434 0.022813 0.0369847 -0.0818919 0.770972 -0.045741 -0.0184774
13.5464 10.0036 -0.0150646 0.000628719 0.471154 0.881922 -0.0807794 -0.03101 -0.053657 0.797467 0.0187544 0.01587
13.5585 10.0347 -0.0159406 0.00108687 0.470687 0.882156 -0.0443979 0.0558896 0.0280702 0.86799 0.00690708 0.031246
13.6119 10.1087 -0.0166428 0.00148333 0.471244 0.881845 0.0410141 -0.165413 -0.00154749 0.756104 -0.059406 0.0828047
13.641 10.15 -0.015212 0.00073062 0.471411 0.881782 0.0312726 0.122738 -0.00847575 0.890229 -0.060026 -0.00127053
13.6704 10.1908 -0.0158942 0.00178908 0.471754 0.881585 0.0197705 -0.0685175 -0.0400345 0.801479 -0.0464177 0.0352374
13.6981 10.2325 -0.0148954 0.000636571 0.471768 0.881597 -0.0188124 -0.102027 0.0153203 0.851905 -0.0896465 0.00449663
13.7551 10.3236 -0.0144697 0.00100244 0.472462 0.881232 0.0654956 0.0174664 0.0373434 0.898954 -0.0836301 0.0145887
13.7819 10.3623 -0.0139927 0.00245554 0.472353 0.881295 -0.0862766 -0.0625826 0.00246781 0.884474 -0.0362777 0.0032523
13.81 10.4051 -0.0144662 0.00104909 0.471708 0.881636 -0.00734155 -0.0100762 0.0337094 0.907957 -0.0535866 -0.0117433
13.8404 10.453 -0.015313 0.00114292 0.471701 0.881625 0.00553559 0.0274448 -0.0418418 0.939919 -0.0749139 -0.0132134
13.8878 10.5356 -0.0148755 0.00114773 0.473246 0.880804 0.0678831 -0.017792 0.0490207 0.821595 -0.115692 -0.0268311
13.9088 10.5694 -0.0148642 0.00149534 0.473672 0.880575 -0.0583453 -0.00657706 0.0539339 0.773842 -0.0345329 -0.00334328
13.9332 10.6075 -0.0143172 0.00170563 0.473797 0.880516 0.0132746 -0.0761583 -0.0142376 0.70056 -0.0769028 -0.00296079
13.9563 10.6373 -0.0145424 0.00217369 0.474142 0.880326 0.00367571 -0.0407598 0.0558818 0.697278 -0.054057 -0.020969
13.9922 10.7057 -0.0151327 0.00202019 0.473873 0.880461 0.027745 0.0271376 0.0377729 0.783861 -0.0610092 -0.0103027
14.0131 10.7462 -0.0151749 0.00205071 0.473586 0.880615 -0.0683197 -0.0126683 -0.0560899 0.707417 -0.0395287 0.0344157
14.0292 10.7777 -0.0156166 0.00138037 0.473574 0.880615 0.0379424 0.185511 0.0490065 0.822418 -0.0102224 -0.0537524
14.0657 10.8584 -0.0178322 0.00386384 0.473766 0.880462 -0.00519588 -0.081458 0.0135008 0.879176 -0.0460221 -0.0339221
14.0795 10.8976 -0.0169092 0.0022458 0.472923 0.880939 0.00529493 0.0245308 0.0335161 0.924686 -0.0332559 -0.0453273
14.1196 10.9845 -0.0154771 0.00156848 0.474008 0.880383 0.0361445 -0.0383658 0.052824 0.923477 -0.0209565 -0.0418982
14.1463 11.0281 -0.0160267 0.00420903 0.47442 0.880143 0.0990766 0.062908 0.0143668 0.961582 -0.0436126 -0.113071
14.1798 11.0834 -0.0143858 0.0022296 0.474196 0.880299 -0.0139827 0.0114499 0.0164532 0.926905 -0.0100412 -0.0297923
14.2072 11.127 -0.0145411 0.00395421 0.474928 0.879896 0.0405978 -0.0245343 0.0193166 0.910209 -0.0299867 -0.0492125
14.2643 11.2217 -0.0161456 0.000421817 0.474747 0.879974 -0.0312831 0.102093 -0.00741038 0.850906 0.0286573 -0.0420457
14.2992 11.2838 -0.0161124 0.00080304 0.475089 0.87979 -0.00883892 -0.0494919 0.0015906 0.78156 0.0244399 -0.00844741
14.3013 11.2872 -0.0161444 0.000830478 0.4751 0.879783 -0.024417 0.0765514 0.0213591 0.788078 0.0264514 -0.0144515
14.3179 11.3239 -0.0166629 0.00109309 0.474674 0.880004 -0.0859785 0.0470085 -0.0517699 0.885341 0.0539596 -0.00459694
14.34 11.3602 -0.0147521 0.00101239 0.474587 0.880084 0.0765131 -0.053852 -0.0165902 0.926097 -0.0436324 0.0396504
14.3773 11.4097 -0.0158346 0.00362108 0.474664 0.880017 0.112826 0.0283368 0.070342 1.06707 -0.0229576 -0.0230479
14.452 11.4947 -0.0152213 0.00204624 0.476002 0.87931 -0.047856 -0.0331405 -0.0110168 0.965587 -0.0241603 -0.0178746
14.482 11.5304 -0.0159784 0.00296625 0.475236 0.879708 -0.0138633 -0.0385429 -0.113983 0.856605 -0.0700177 0.0339481
14.512 11.5726 -0.0177704 0.00111641 0.475289 0.87965 -0.126093 0.0935305 0.0349417 0.873228 0.0166787 -0.00935707
14.5475 11.6141 -0.01737 -0.00149042 0.475576 0.879502 -0.131506 -0.167813 0.10703 0.737302 -0.0107804 0.0793832
14.5804 11.6521 -0.0175086 0.000491294 0.476698 0.878893 0.077569 -0.0229858 0.0144821 0.755632 -0.0824084 0.0548346
14.6367 11.7233 -0.0164557 -0.000344898 0.476552 0.878992 -0.0199979 0.0776382 0.0602954 0.801801 -0.0485088 -0.00327614
14.6761 11.7759 -0.0171854 0.0015248 0.476444 0.879036 -0.0702189 -0.135358 -0.0413175 0.861916 -0.0207254 0.0772058
14.7509 11.8758 -0.0166344 -0.000532557 0.475648 0.879478 -0.105715 0.0404049 -0.0877567 0.972163 -0.0226026 0.0262049
14.7882 11.9285 -0.0181322 0.00165375 0.475615 0.879465 -0.127087 -0.117699 0.107872 1.0455 0.0420142 0.0284186
14.8159 11.9766 -0.0203355 0.000687496 0.475835 0.879299 -0.00938396 -0.0882391 -0.00905658 1.0015 -0.00575285 0.0487859
14.848 12.022 -0.0190294 -0.00167757 0.476598 0.878914 -0.0226602 -0.0283359 0.0681957 0.931195 -0.0230342 -0.00596501
14.9108 12.1124 -0.017168 -0.00125735 0.476862 0.87881 0.00131356 0.00539736 -0.0437601 0.863529 -0.0385136 0.0258949
14.9435 12.1697 -0.0184083 -0.000352271 0.477489 0.878445 0.0459034 -0.0505029 0.0369322 0.881686 -0.0309159 0.0367475
14.9791 12.2265 -0.0173019 0.000291166 0.477798 0.878299 0.0962771 0.116339 0.0206973 0.933874 -0.0753215 -0.0564497
15.0135 12.2723 -0.0161341 0.00216715 0.47834 0.878024 -0.056694 -7.50507e-05 -0.0258754 0.90103 -0.00550172 0.0123884
15.016 12.2759 -0.0162177 0.00203667 0.478261 0.878066 -0.0511386 -0.071528 -0.0490831 0.888805 -0.00748268 0.0108408
15.0822 12.3741 -0.0190796 0.00115504 0.478105 0.878095 0.0408958 -0.0699019 -0.0581351 0.994399 -0.0401994 -0.056906
15.1178 12.4241 -0.019583 0.00276879 0.478654 0.877781 -0.0299695 -0.118252 -0.0178708 1.04407 -0.0350134 -0.0176468
15.1933 12.5408 -0.0207606 0.00123757 0.478605 0.877784 -0.0631464 -0.0272328 -0.0163029 1.1024 0.0211537 -0.0223095
15.2255 12.5937 -0.0203511 0.000850246 0.478696 0.877744 0.0478153 0.0409857 -0.00340543 1.13556 -0.0308758 -0.0597161
15.2899 12.6958 -0.0172962 0.00109271 0.479483 0.87738 0.111363 0.0520084 0.0587938 1.10126 0.00813124 -0.0527222
15.2929 12.7004 -0.0170806 0.0012648 0.479605 0.877317 0.129805 0.0132535 0.0254054 1.09579 -0.00134492 -0.0467759
15.3489 12.7873 -0.0154697 0.00173776 0.479166 0.877586 -0.0702271 -0.106088 0.00391063 0.949269 0.0187651 0.053954
15.3814 12.8362 -0.0167755 -0.000716975 0.479056 0.877624 0.0643068 0.0517635 -0.0363345 0.943946 -0.00388017 0.0257416
15.4422 12.9331 -0.0171437 0.000488725 0.479776 0.877224 -0.08457 -0.062588 0.078359 0.961891 0.0463068 0.0478198
15.4446 12.9373 -0.0171226 3.55783e-05 0.479899 0.877157 -0.091538 -0.230114 0.00907984 0.960978 0.0555749 0.0535173
15.514 13.0431 -0.0162656 -0.00103339 0.479862 0.877193 0.01938 0.0218324 -0.0126011 1.06455 -0.00521384 0.0194937
15.5463 13.0933 -0.0133676 -0.00178637 0.480647 0.87681 0.0664616 -0.126745 0.040329 1.0405 -0.0264747 0.129345
15.6149 13.2062 -0.012579 -0.00285893 0.479431 0.877485 -0.0883065 -0.0483067 -0.0121495 1.14867 0.0670613 -0.0422528
15.6408 13.2539 -0.0143355 -0.00281124 0.479843 0.877233 -0.049263 -0.118292 0.111168 1.04461 0.0410662 0.0295377
15.7002 13.3452 -0.0134508 -0.00476645 0.480573 0.876839 0.0255877 0.12771 -0.00665616 1.01586 0.00949344 -0.0277648
15.7269 13.3925 -0.0140548 -0.0033095 0.480658 0.876789 0.0110076 -0.0197664 -0.0684984 0.974714 0.0209459 -0.0851007
15.7589 13.4532 -0.0158928 -0.00203455 0.480338 0.876937 0.103223 0.121124 -0.0329386 1.07145 -0.0132878 -0.169759
15.8227 13.5448 -0.0145831 -0.000648587 0.480591 0.876824 0.0666737 0.17662 -0.00808034 1.06662 -0.0124705 -0.108919
15.8617 13.6125 -0.0162259 -0.00324284 0.479694 0.87728 0.0694658 0.312693 -0.144345 1.22632 0.0558255 -0.216922
15.8917 13.6636 -0.0158075 -0.00421919 0.479107 0.877604 -0.0786348 -0.270857 0.00585805 0.969993 0.0534494 -0.113789
15.9249 13.7194 -0.0177271 -0.00131073 0.479947 0.877117 0.00259532 0.135839 0.165764 1.09544 0.0418996 -0.104069
15.9881 13.8229 -0.0181881 -0.0027032 0.480769 0.876655 0.0347089 -0.0430396 -0.0337083 0.985544 0.000903699 -0.0572069
16.0169 13.8704 -0.0170951 -0.00320777 0.480491 0.876827 -0.0286254 0.0568528 0.028324 1.04207 0.021042 -0.110545
16.0676 13.9494 -0.0171688 -0.00196879 0.481458 0.876299 0.0800645 0.0323233 -0.0421208 0.956532 -0.013005 -0.0322831
16.0745 13.9586 -0.0167 -0.00170569 0.481213 0.876443 0.0556699 -0.0909033 -0.0452531 0.961684 -0.0417683 -0.0113761
16.0943 13.9962 -0.0170464 -0.00552876 0.480499 0.876812 -0.0532507 0.0642877 0.00912151 0.959414 0.0413236 -0.00859343
16.153 14.0948 -0.0161046 -0.00432185 0.480636 0.876762 0.0472961 0.14071 -0.0095072 0.965743 0.0233874 0.0215529
16.1748 14.1525 -0.0149742 -0.00570249 0.481231 0.876447 -0.105354 -0.0741693 0.0850911 0.932059 0.0890442 0.0196757
16.2137 14.2472 -0.0147698 -0.00605895 0.481967 0.876044 0.0923986 -0.0242637 0.007702 0.997372 0.0435609 -0.031367
16.2353 14.2914 -0.0147495 -0.0063303 0.481539 0.876278 -0.0102475 -0.022986 -0.00814822 1.01186 0.092202 -0.0351332
16.2893 14.3953 -0.0150047 -0.00435307 0.48189 0.876092 -0.017668 -0.0937537 -0.0428271 0.979677 0.0634002 0.0301577
16.321 14.4463 -0.0150398 -0.00598301 0.481018 0.876561 0.0517109 0.127441 -0.0342049 1.08979 0.0733023 -0.0289822
16.3508 14.4988 -0.015973 -0.00528773 0.481525 0.876271 -0.037 -0.0879238 0.0213226 1.05937 0.123433 -0.0456356
16.3853 14.5488 -0.0151895 -0.0052967 0.482081 0.875979 -0.0266565 0.13129 0.0165818 1.01096 0.0112628 0.00162138
16.4323 14.6395 -0.0160128 -0.0062733 0.482706 0.875613 0.0175372 -0.0977666 -0.0276112 0.839433 0.136851 -0.049421
16.455 14.6781 -0.0157371 -0.00708275 0.483347 0.875259 -0.0371617 0.0355655 0.0998641 0.870694 0.0877235 -0.162552
16.4832 14.7248 -0.0145094 -0.00783164 0.482902 0.875519 -0.00830972 0.0480391 -0.0245095 0.821412 0.065619 -0.0825902
16.5082 14.7697 -0.0155779 -0.00567146 0.483188 0.87536 0.0901716 0.0857315 -0.0135635 0.880633 0.0492241 -0.157226
16.5535 14.8587 -0.0155269 -0.00643438 0.482506 0.875731 0.0163145 0.0310425 -0.026002 0.880591 0.0878177 -0.131073
16.5802 14.9049 -0.0161988 -0.007672 0.481631 0.876191 -0.0479868 0.0416269 0.0251326 0.980318 0.102912 -0.168197
16.6316 15.0016 -0.0181434 -0.00592257 0.482471 0.875704 0.00938164 0.101969 0.0409017 1.00368 0.0880215 -0.0926511
16.6555 15.0481 -0.0153975 -0.00860111 0.482594 0.875667 0.0256275 -0.0675941 -0.0106446 0.916537 0.0450837 -0.107472
16.6983 15.1421 -0.0178067 -0.00627385 0.483048 0.87539 -0.0160306 0.0829114 0.00518508 0.906328 0.112604 -0.125304
16.6983 15.1421 -0.0178067 -0.00627385 0.483048 0.87539 -0.0160306 0.0829114 0.00518508 0.906328 0.112604 -0.125304
16.7385 15.2115 -0.0170871 -0.00552443 0.483058 0.875404 -0.0556422 0.0979163 -0.112212 0.860903 0.0776969 -0.107645
16.7845 15.3061 -0.018348 -0.0062871 0.483003 0.875404 -0.0982244 -0.0706856 -0.0549393 0.888984 0.0943969 -0.0603719
16.8217 15.3585 -0.0180824 -0.00334385 0.483527 0.875136 -0.0601195 -0.274422 0.0890244 0.83021 0.059268 0.027985
16.8575 15.4224 -0.0189493 -0.00274291 0.483388 0.875197 -0.0295181 -0.0977926 -0.00791864 0.806422 0.0466199 0.0645633
16.8741 15.4574 -0.0173382 -0.00450587 0.483701 0.87505 0.033324 -0.0159013 0.00211318 0.809962 0.0349828 0.0545835
16.9046 15.4955 -0.0161793 -0.00516653 0.484017 0.874894 0.0151044 -0.0330022 0.0181121 0.764784 0.0202877 0.0823087
16.9266 15.5302 -0.0165011 -0.00583448 0.484371 0.874688 0.043957 0.00513982 0.0193309 0.772424 0.0395432 0.020755
16.9869 15.6078 -0.016305 -0.00577753 0.484509 0.874615 -0.0286259 -0.259342 0.012008 0.744552 -0.0273398 0.0591374
17.0026 15.636 -0.0169934 -0.00579851 0.4833 0.875271 0.00488154 0.0542947 0.0145101 0.829242 -0.0256052 -0.00630824
17.0245 15.6667 -0.0168267 -0.00594221 0.483938 0.87492 -0.0442094 -0.0881869 -0.0182862 0.696372 -0.00862002 0.057707
17.0413 15.7055 -0.0167495 -0.0041879 0.48474 0.874488 0.0475188 0.0436801 0.0997209 0.780098 -0.0539152 0.00531617
17.0813 15.7779 -0.0176416 -0.00419187 0.485493 0.874053 -0.0890264 0.0042481 0.0452135 0.698287 0.00184725 -0.00122226
17.106 15.8142 -0.0174608 -0.0049234 0.485849 0.873854 -0.0485416 -0.042038 0.005892 0.696919 -0.0427065 0.0483385
17.1588 15.8859 -0.0149855 -0.00811821 0.485462 0.874091 -0.0534532 -0.0173474 -0.01025 0.630218 -0.0508191 0.0402778
17.1608 15.8885 -0.0150823 -0.00819533 0.48546 0.87409 -0.0449796 -0.00577632 -0.00467384 0.652555 -0.052759 0.0225253
17.2132 15.9616 -0.0154716 -0.00838962 0.485102 0.87428 -0.0244347 0.147822 0.0205708 0.702356 -0.0459859 0.0018456
17.2544 16.0195 -0.0143416 -0.0100771 0.485186 0.874235 0.0456507 0.0919755 -0.0552063 0.721476 -0.0904755 -0.0190586
17.2592 16.0286 -0.0147627 -0.00900304 0.485345 0.874152 -0.0427117 0.0706926 0.116448 0.742883 -0.0393403 -0.00240292
17.2863 16.0608 -0.0152377 -0.00987795 0.48599 0.873776 0.0127317 0.0188081 0.061981 0.626262 -0.0857744 0.0444201
17.3069 16.0809 -0.0136745 -0.0105905 0.486348 0.873594 0.0638808 0.0818569 -0.0747229 0.538834 -0.131007 0.0896978
17.3528 16.1279 -0.0129892 -0.0110654 0.486589 0.873464 0.00902973 -0.0466487 -0.0734021 0.555364 -0.150308 0.0591116
17.3549 16.1299 -0.0128608 -0.0111263 0.486432 0.873553 0.0373189 -0.0232689 -0.0680382 0.575613 -0.154564 0.0407663
17.3943 16.1884 -0.014856 -0.00745779 0.486692 0.873415 0.0144895 0.171018 0.0905969 0.680419 -0.0876642 -0.0442897
17.4099 16.2165 -0.0140979 -0.00753416 0.487132 0.873182 -0.0625162 -0.119511 -0.0537381 0.567557 -0.069426 0.0254611
17.4544 16.2793 -0.0150941 -0.00914888 0.48793 0.872704 0.121263 0.144771 -0.0597845 0.587435 -0.129748 -0.0598999
17.4722 16.3045 -0.0151308 -0.0100744 0.487843 0.872742 -0.0460302 0.00224157 -0.0392699 0.5466 -0.0429559 -0.0175931
17.5094 16.3529 -0.0155857 0.000563761 0.490788 0.87114 0.411258 0.765913 0.0332313 0.721202 -0.208634 -0.211868
17.5202 16.3768 -0.0149405 0.00124223 0.489611 0.871812 -0.350406 -0.782764 -0.216892 0.261272 0.00460964 0.270001
17.5257 16.3976 -0.0136368 -0.00781428 0.487148 0.873178 -0.166521 -0.356332 0.0549507 0.536757 0.0246283 0.0319256
17.5489 16.4582 -0.0159167 -0.00625779 0.489686 0.871731 0.0120505 -0.0799451 -0.0459751 0.50078 -0.0372994 0.112175
17.5553 16.4879 -0.0181916 -0.00614852 0.489953 0.871537 -0.019574 0.1633 0.0549237 0.574457 0.0302312 -0.00415648
17.5713 16.5242 -0.0195116 -0.00549653 0.490709 0.871088 -0.00568172 0.00341435 0.0946742 0.456116 0.0352674 0.0306507
17.5824 16.5384 -0.0181994 -0.00585663 0.491167 0.870856 0.0339897 -0.152225 0.020462 0.385009 -0.0121752 0.0050261
17.6144 16.5657 -0.018508 -0.00481491 0.488399 0.872411 -0.0225648 1.23333 0.0446684 0.70869 0.106204 -0.134662
17.6174 16.5724 -0.0213653 0.000105199 0.48874 0.872168 -0.0910831 0.697595 0.380916 0.76217 0.0881764 -0.146019
17.6497 16.6154 -0.0211215 -0.00680936 0.488021 0.87255 -0.0824403 0.275033 0.133051 0.535935 -0.00137213 -0.00168401
17.6648 16.6298 -0.0215426 -0.00652075 0.488575 0.872231 -0.0192159 0.0825161 -0.0589526 0.427404 -0.0254988 -0.00716021
17.7053 16.6483 -0.0206344 -0.00684965 0.490289 0.871289 0.041479 0.138121 0.0265473 0.36136 -0.0758952 -0.047575
17.7054 16.6572 -0.0204729 -0.00645231 0.489925 0.8715 -0.00651848 -0.0413184 0.000848978 0.281104 -0.044324 0.0152911
17.7063 16.6633 -0.0197544 -0.00533034 0.49069 0.871094 -1.98424e-05 0.060298 0.0582257 0.240145 -0.0497491 -0.0271851
17.7055 16.6745 -0.0193603 -0.0055665 0.491176 0.870828 -0.000148321 0.0347201 -0.0179608 0.186169 0.0102417 -0.000665899
17.7153 16.6899 -0.0192348 -0.00699288 0.491319 0.870739 -0.0471591 -0.0932668 -0.0529392 0.140447 0.0188138 0.0528716
17.7328 16.7156 -0.0200656 -0.00675784 0.491637 0.870543 -0.0490555 -0.138809 -0.00108841 0.187953 0.0377995 -0.00979838
17.7536 16.7459 -0.0203381 -0.00929357 0.491212 0.870753 0.0300292 -0.0388355 0.0183176 0.326078 -0.00894862 -0.0212588
17.7984 16.8055 -0.0182629 -0.00993146 0.492743 0.869927 0.017086 -0.0675769 0.188183 0.420475 0.0255199 0.0236878
17.8573 16.872 -0.0154782 -0.0117283 0.492586 0.870047 -0.0821239 -0.0395684 0.0387246 0.516673 -0.00913354 0.0336122
17.8586 16.8742 -0.0155862 -0.0118931 0.492702 0.869977 -0.0542021 -0.0507745 0.0559956 0.514215 0.000341838 0.0376655
17.9181 16.9355 -0.0140677 -0.0103216 0.493982 0.869297 0.124291 0.131513 -0.00476899 0.61145 -0.133825 0.0148396
17.945 16.9655 -0.014374 -0.0129195 0.492748 0.869957 -0.185358 0.145604 -0.0236563 0.648464 -0.029315 -0.00703767
17.9973 17.0219 -0.0189298 -0.011133 0.492833 0.869847 -0.00660347 0.0124969 -0.0171708 0.652306 -0.105104 0.0198188
17.9995 17.0244 -0.0189359 -0.0109395 0.492792 0.869872 0.0738833 0.141104 -0.0109901 0.658432 -0.114527 0.0154579
18.0392 17.0653 -0.0168416 -0.0104683 0.493724 0.869393 -0.00298883 -0.127015 0.00622749 0.527805 -0.0756512 0.123169
18.0633 17.1139 -0.0163241 -0.0106505 0.493989 0.86925 -0.0244982 -0.100783 0.0169192 0.482477 -0.0235119 0.0275165
18.0734 17.1405 -0.0156966 -0.0118765 0.493916 0.869287 -0.0969344 -0.00776022 0.0658393 0.543594 0.069948 -0.00769857
18.0911 17.1689 -0.0164239 -0.0113922 0.494566 0.86891 0.0390019 0.00442348 -0.0602911 0.481017 -0.030212 0.0210858
18.1255 17.2293 -0.0185799 -0.0117792 0.494385 0.868965 0.0334278 -0.0674374 -0.0619641 0.463027 -0.0253984 0.0459897
18.1477 17.2622 -0.0182324 -0.0108572 0.494537 0.868897 0.105016 0.0958323 -0.021702 0.543833 -0.0433862 -0.00916573
18.1874 17.3175 -0.0178979 -0.0101037 0.495022 0.868638 -0.0284517 0.0257886 0.0613828 0.553716 -0.00334736 -0.00946198
18.2039 17.3398 -0.0181842 -0.00888605 0.495365 0.868449 0.0387073 0.0905247 0.00816376 0.58745 -0.0305264 -0.00381355
18.2072 17.3447 -0.0181256 -0.00862606 0.495475 0.86839 0.0195952 -0.0127814 0.0485547 0.589164 -0.0343159 -0.00170973
18.254 17.4053 -0.0187173 -0.0088941 0.495944 0.868107 0.00672632 0.102224 0.0385874 0.61303 -0.0359446 -0.00861428
18.2796 17.4487 -0.0176546 -0.0108276 0.496327 0.867889 -0.0306058 0.0517394 0.064041 0.525511 0.0222951 0.0298075
18.2867 17.4611 -0.0175845 -0.0102075 0.496617 0.867732 0.0588615 0.0587321 0.0592917 0.512525 -0.0270866 0.00998092
18.3172 17.5153 -0.0165825 -0.0120443 0.496774 0.867638 -0.0773469 -0.258401 0.0561789 0.319136 0.022724 0.088769
18.3342 17.5396 -0.0159279 -0.0135648 0.496801 0.867612 0.0504477 0.148356 0.00594021 0.397193 -0.0248405 -0.0167432
18.3624 17.5839 -0.0139647 -0.0160582 0.49631 0.867884 -0.0119073 0.0877897 -0.0368097 0.418683 -0.00243537 -0.0128902
18.3646 17.5876 -0.0142521 -0.0155747 0.496014 0.868058 -0.0213327 0.0444669 -0.0689608 0.437353 0.00105661 -0.0153814
18.3781 17.6119 -0.0148172 -0.0161441 0.496285 0.867883 0.0202173 -0.0743043 0.0358674 0.439743 -0.00046377 0.01609
18.4083 17.6649 -0.0129385 -0.0137081 0.496866 0.867623 0.031191 -0.024981 0.0364764 0.466615 -0.00630566 0.0249045
18.4217 17.6917 -0.0123846 -0.014948 0.496424 0.867863 0.00793044 0.134935 0.0204913 0.504589 0.0292609 -0.0359202
18.4456 17.744 -0.0140853 -0.0132159 0.496739 0.867685 -0.00952495 0.139561 0.00244011 0.483939 0.0495653 -0.0213752
18.4571 17.7668 -0.0142009 -0.0123175 0.497024 0.867533 -0.0352426 0.0148652 0.0753854 0.406323 0.0454278 0.0405399
18.4756 17.7908 -0.015047 -0.00917453 0.497875 0.86707 0.000725173 -0.0206112 0.0201988 0.455418 0.00416767 0.0432925
18.5044 17.8369 -0.0150626 -0.0111881 0.498326 0.866787 0.0462661 0.0678551 0.0704253 0.482714 -0.0203993 0.00336507
18.524 17.8668 -0.0152416 -0.0098396 0.499325 0.866225 0.0538532 -0.140969 0.0225884 0.487348 -0.0359993 0.041887
18.5668 17.9393 -0.0124776 -0.00753577 0.499391 0.866254 -0.00347949 -0.0872238 0.00420829 0.550773 -0.00972402 0.0618276
18.5903 17.979 -0.0122604 -0.00750103 0.499053 0.866452 0.0126112 0.0959744 0.0309389 0.621174 0.00996348 0.0186356
18.6131 18.0156 -0.0117181 -0.00888717 0.498647 0.86668 0.00744853 0.0111589 -0.00125818 0.620187 -0.050478 0.0304424
18.634 18.0478 -0.0114061 -0.0100285 0.498494 0.86676 0.00337282 -0.1873 -0.0771925 0.548741 -0.0183403 0.0754606
18.6815 18.1167 -0.011588 -0.00940786 0.499301 0.8663 0.029579 -0.158259 -0.0919889 0.552954 -0.0746784 0.0835746
18.7069 18.1483 -0.00991083 -0.00938452 0.499036 0.866474 0.0706098 0.0224045 0.0443028 0.600577 -0.0797166 0.00872708
18.7252 18.1728 -0.0097491 -0.00957258 0.49934 0.866298 0.0544806 -0.0346845 -0.0284781 0.59571 -0.0625778 -0.00934878
18.7511 18.2153 -0.00588698 -0.00832787 0.50003 0.865948 -0.0214021 -0.232453 0.0170547 0.45666 -0.0699013 0.102057
18.7592 18.2304 -0.00653812 -0.00974766 0.499353 0.866319 0.000383978 0.151382 0.0285587 0.541971 -0.0262322 0.0234229
18.7688 18.2543 -0.00912844 -0.0078834 0.499448 0.86626 -0.110247 -0.00136278 -0.0538388 0.49805 0.0267592 0.0408089
18.7855 18.2969 -0.0101122 -0.0117893 0.49945 0.866203 0.0341405 0.0978982 0.0580073 0.464768 -0.00679905 0.0663164
18.799 18.3273 -0.0101859 -0.0108049 0.500184 0.865792 -0.00299595 -0.0196802 -0.0333322 0.509196 0.00526099 0.0441297
18.8179 18.361 -0.00980924 -0.0124558 0.499495 0.866172 0.0238718 -0.0344285 -0.0403663 0.48623 -0.000187941 0.0616862
18.8443 18.4024 -0.00922837 -0.0113649 0.500085 0.865853 0.0836353 -0.0841539 -0.00580345 0.540487 -0.0447493 0.0187177
18.8867 18.467 -0.00508663 -0.0113137 0.501153 0.86527 -0.0325769 -0.130296 -0.119761 0.442764 -0.0212912 0.0703185
18.9102 18.5089 -0.00701874 -0.0096582 0.500496 0.865657 -0.0124704 0.0999224 -0.0623592 0.554612 -0.00851212 0.0305051
18.9236 18.5369 -0.00742507 -0.0124524 0.499687 0.866085 -0.0878884 0.0193839 -0.01817 0.549532 0.0261633 -0.0106735
18.9604 18.6035 -0.00859996 -0.0142644 0.501046 0.86526 0.0167538 0.165135 0.0581691 0.684583 -0.0160547 -0.100438
18.9793 18.6451 -0.0127645 -0.00471222 0.503038 0.864157 -0.246539 -0.122474 -0.00839798 0.468934 0.126845 0.184011
19.0014 18.6975 -0.0125159 -0.0121164 0.501755 0.864834 0.155691 -0.288651 0.0174101 0.569368 -0.0250291 0.0270562
19.0215 18.7274 -0.0112749 -0.0139451 0.502173 0.864581 -0.0127318 0.119592 0.167947 0.695904 0.0598014 -0.104432
19.0297 18.7368 -0.00881495 -0.0125804 0.502215 0.864606 -0.0757388 -0.217873 -0.12845 0.414705 0.0235627 0.108808
19.0477 18.765 -0.011794 -0.00975101 0.501668 0.864925 -0.0222944 0.057069 0.0494668 0.537652 0.0200023 -0.00269778
19.0621 18.7888 -0.0125769 -0.0110536 0.501474 0.865011 -0.0647967 -0.0286193 -0.0144115 0.46365 0.000134945 0.017378
19.097 18.8417 -0.0101559 -0.0149116 0.501138 0.865179 0.055071 0.142742 0.102766 0.586588 -0.0499804 -0.0634392
19.1091 18.8644 -0.0121088 -0.0151927 0.501055 0.865197 -0.150351 -0.0293301 -0.0268781 0.393986 0.0370583 0.0882295
19.1298 18.9028 -0.013833 -0.0129155 0.501092 0.865187 0.05338 0.116608 0.0586914 0.554446 -0.00993189 0.0305231
19.1488 18.9299 -0.0129238 -0.0136471 0.500835 0.865339 0.10908 -0.0571707 -0.0486604 0.517014 -0.0606917 0.00319478
19.1899 19.0007 -0.0125862 -0.0118949 0.503062 0.864077 -0.0427619 -0.196627 -0.0357567 0.561975 -0.0265829 0.0888478
19.2139 19.0387 -0.0134255 -0.0112029 0.501857 0.864774 0.0889151 0.175248 -0.0258665 0.711463 -0.0448653 0.00811325
19.2494 19.1021 -0.0135064 -0.010583 0.501904 0.864753 0.0799473 0.0325433 -0.0820208 0.565406 -0.05062 0.0640827
19.2668 19.1299 -0.0131969 -0.011597 0.501965 0.86471 -0.04073 0.0141661 0.0267601 0.603577 -0.0118925 0.0269002
19.3049 19.2029 -0.0135093 -0.0118539 0.502946 0.864131 0.0730725 -0.136362 -0.010808 0.57098 -0.0370859 0.064552
19.3097 19.2121 -0.0129312 -0.0118442 0.50265 0.864312 0.0755666 0.0244301 -0.035735 0.585795 -0.0466556 0.0446989
19.3406 19.2788 -0.0122617 -0.00940939 0.503364 0.863937 0.107077 0.128588 0.016132 0.626612 0.0158513 -0.0143907
19.3714 19.341 -0.0130417 -0.00919883 0.502476 0.864444 0.032514 0.0687512 0.116793 0.707378 0.0588512 -0.0421353
19.378 19.3565 -0.0122218 -0.0100844 0.502733 0.864296 0.0511366 -0.0497734 -0.015271 0.61818 0.0629903 0.00837803
19.3958 19.3898 -0.0140913 -0.00811856 0.502422 0.86447 -0.0171918 0.138754 -0.033007 0.711374 0.048376 -0.0271837
19.4608 19.4958 -0.0147239 -0.00756565 0.503727 0.863704 0.12772 -0.0331972 -0.0320896 0.596749 -0.0168769 0.0711798
19.464 19.5009 -0.0141138 -0.00750384 0.503608 0.863785 0.0945219 -0.0399165 0.0090974 0.590732 -0.0349808 0.0539597
19.4831 19.5315 -0.0143111 -0.00592759 0.504282 0.8634 0.0275034 0.0592056 0.0378037 0.598383 0.0389645 0.0550716
19.5237 19.6134 -0.0133024 -0.00815528 0.50423 0.863429 -0.0216134 0.292971 -0.0189999 0.543784 0.0423644 -0.0238833
19.5249 19.616 -0.0137078 -0.00757979 0.504262 0.863409 -0.0247643 0.204531 0.0840681 0.565453 0.0485531 -0.0464748
19.539 19.6494 -0.0129831 -0.00855931 0.504691 0.86316 -0.0566533 -0.104004 -0.117732 0.396853 0.0453451 0.0645713
19.5504 19.6765 -0.014576 -0.00737981 0.504181 0.863444 -0.00564507 0.136665 0.0402618 0.483437 0.0814031 -0.027076
19.5698 19.7285 -0.0133198 -0.00975745 0.503842 0.863638 -0.0370231 0.0491126 0.0102352 0.51705 0.0745713 -0.0354599
19.6013 19.7925 -0.0138199 -0.00997348 0.504135 0.863457 0.0184531 0.060302 0.0769786 0.637916 0.0622507 -0.0786071
19.6213 19.8268 -0.0137154 -0.0102383 0.504224 0.863403 0.0666621 0.0241971 -0.0169092 0.603853 0.0837938 0.00222596
19.6403 19.8544 -0.0136606 -0.00909979 0.504756 0.863106 0.066672 0.108698 0.0587461 0.625975 0.00437487 -0.0717977
19.6613 19.8843 -0.0108809 -0.00926443 0.505033 0.862982 -0.00728902 -0.333758 -0.0233658 0.502198 -0.00617327 0.0364702
19.678 19.9153 -0.0121832 -0.00819994 0.504418 0.863335 -0.017483 0.163442 0.0734175 0.64523 0.0500262 -0.0725925
19.7179 19.98 -0.0127009 -0.00899403 0.504382 0.86334 -0.0175556 -0.0610469 0.0531911 0.573065 0.0120411 -0.0222536
19.757 20.0384 -0.0129036 -0.00990313 0.504682 0.863152 -0.0966973 -0.0394535 0.0460558 0.632722 0.0320286 0.0130344
19.7995 20.1029 -0.0128724 -0.0107424 0.504963 0.862978 -0.0439105 -0.108132 -0.0402167 0.697686 -0.027708 0.0445923
19.8186 20.1324 -0.0114732 -0.0132191 0.504836 0.863038 0.119694 -0.149426 -0.0771738 0.698023 -0.0602295 0.0699474
19.8248 20.145 -0.010663 -0.0137391 0.50485 0.863032 0.0108013 -0.0864435 0.04761 0.730168 -0.0277411 0.0678494
19.8665 20.2272 -0.0101987 -0.0141289 0.505323 0.862754 0.0470297 0.218284 0.06729 0.847181 0.0127425 -0.0302269
19.8881 20.2666 -0.0109298 -0.0129262 0.505394 0.862723 -0.0948248 -0.0863547 -0.0611213 0.683145 0.0171361 0.0465474
19.9233 20.3241 -0.0122122 -0.0154244 0.505457 0.862628 0.00425204 0.0259999 -0.0598669 0.635597 0.0293573 0.0533008
19.9303 20.3338 -0.0123491 -0.0146722 0.505331 0.862712 0.0491921 0.192805 0.00202268 0.726363 -0.0556664 -0.0190103
19.9453 20.3739 -0.0144104 -0.01262 0.506491 0.862032 0.0461582 0.121051 0.0748531 0.62406 0.0137562 0.0548116
19.964 20.3996 -0.0153154 -0.0114861 0.50632 0.862133 0.00530623 -0.0563924 -0.053849 0.555674 0.0111358 0.0802688
20.0042 20.4503 -0.0145841 -0.00949502 0.507016 0.861761 0.0107129 -0.291894 -0.034823 0.447507 -0.0449488 0.156879
20.0234 20.4757 -0.0145658 -0.00828989 0.5071 0.861724 0.13131 0.216281 0.113285 0.662842 -0.0255961 0.0216227
20.0475 20.5151 -0.0147395 -0.00668563 0.507081 0.861746 -0.0456716 0.00534962 -0.017747 0.609411 -0.00233232 0.000165322
20.0769 20.5759 -0.0159615 -0.00876355 0.506735 0.86191 0.0817739 0.0825801 0.0104286 0.593697 -0.00350626 -0.0112587
20.0976 20.6117 -0.0159521 -0.00986695 0.507507 0.861444 0.0249818 0.0283172 -0.0731006 0.576465 0.00927042 0.0253154
20.1191 20.6478 -0.0151753 -0.00981193 0.508079 0.861121 0.00551533 -0.028953 0.0280895 0.597826 -0.00542395 -0.00488486
20.1374 20.6801 -0.0135114 -0.01086 0.508414 0.860938 0.129528 -0.100333 -0.0262253 0.58369 -0.0173083 0.0193461
20.1585 20.7139 -0.0139968 -0.0105612 0.508792 0.860711 -0.0188496 0.0122076 0.0399615 0.656134 0.0263994 -0.00259956
20.1753 20.7418 -0.0108473 -0.0146327 0.507472 0.861475 -0.11166 -0.297866 -0.159069 0.628384 0.0249367 0.0791734
20.2172 20.8119 -0.0118963 -0.0141651 0.508111 0.861093 0.00113415 0.104992 -0.0170931 0.687333 -0.0195727 -0.00622605
20.2485 20.8769 -0.0120418 -0.0139764 0.508307 0.860978 0.0656054 0.130863 0.0184155 0.644449 0.0213561 -0.0203123
20.2646 20.9116 -0.0119817 -0.0137807 0.508598 0.86081 -0.0328254 -0.0643825 -0.0390381 0.517063 0.0272955 0.0804169
20.2775 20.9404 -0.0129273 -0.0125467 0.509298 0.860401 0.0609265 0.0185697 0.0981306 0.54065 0.0314461 0.0035103
20.2908 20.972 -0.0121154 -0.0151546 0.509012 0.860541 -0.0278871 -0.0121863 -0.0144444 0.583744 0.0532516 0.034561
20.3221 21.0384 -0.0132809 -0.011281 0.509383 0.860364 0.034271 -0.0916526 -0.00038108 0.610564 0.014513 0.0148487
20.3348 21.065 -0.0135889 -0.0121711 0.508589 0.860816 0.0215887 0.139733 0.014549 0.69896 0.0354977 -0.0360361
20.3494 21.0866 -0.0136319 -0.010999 0.508992 0.860593 0.00651584 -0.0657145 -0.0351075 0.607944 0.0162433 -0.0458604
20.3776 21.1469 -0.0140469 -0.0133311 0.508804 0.860665 0.0110661 0.00952503 -0.0131181 0.612144 0.044396 0.00421635
20.3982 21.1812 -0.0144046 -0.0118523 0.509448 0.860299 -0.0188945 -0.0252909 0.0295954 0.63517 0.0473081 -0.005471
20.4545 21.2769 -0.0137144 -0.0108256 0.509847 0.860088 0.0272732 -0.0885668 0.0669008 0.663159 0.0161382 0.0141451
20.4843 21.3226 -0.0128643 -0.0116269 0.509634 0.860217 -0.0495595 0.0742987 0.0123944 0.72879 0.0170045 -0.0269224
20.5268 21.3875 -0.013206 -0.011486 0.510429 0.859742 0.0515517 0.080022 0.0346845 0.679142 -0.0112917 0.000285808
20.5462 21.418 -0.013895 -0.0110642 0.510219 0.859861 -0.0540292 0.0291232 -0.0172704 0.655532 -0.0103863 -0.0818125
20.5477 21.4209 -0.0140704 -0.0110785 0.5102 0.859869 -0.0681125 0.0793564 -0.00339038 0.661253 0.0033071 -0.0589621
20.5917 21.4854 -0.0142608 -0.00998291 0.510431 0.859743 0.0919557 0.0630567 0.0504075 0.683957 -0.0809769 -0.0287106
20.6408 21.5725 -0.0151029 -0.00920577 0.510871 0.859475 -0.0235968 0.0476072 -0.0869548 0.72115 0.00360808 0.0073796
20.6598 21.6096 -0.0147106 -0.0108464 0.511157 0.859293 0.0372571 -0.312046 -0.0178234 0.616808 -0.0453091 0.0504653
20.6927 21.6697 -0.0123018 -0.0103808 0.51154 0.859108 -0.066773 0.0215443 -0.0194985 0.604083 -0.0106176 0.0899797
20.6988 21.6823 -0.013172 -0.0106995 0.511278 0.859248 -0.0548395 0.0546526 -0.0123883 0.680939 0.0310216 0.0429318
20.7334 21.746 -0.014278 -0.00989234 0.511388 0.859174 -0.0214509 0.0709776 -0.0171571 0.769993 0.00248156 -0.0165233
20.7473 21.7759 -0.0135201 -0.0111134 0.511174 0.859299 -0.140683 -0.169954 0.195924 0.59306 0.0170425 0.133513
20.7689 21.8274 -0.0141959 -0.0121812 0.51155 0.85905 -0.0920207 -0.117942 0.0243792 0.724586 0.0487678 0.104634
20.8026 21.8871 -0.0153565 -0.0111157 0.511575 0.85903 -0.00871616 0.044936 -0.00747982 0.782898 0.00174155 0.0803274
