-3 1.00001 -1.6859e-06 0.00158965 1.51977e-05 0.999999 -4.91335e-05 -0.000211195 7.79415e-06 8.70263e-11 2.71599e-10 8.61116e-12
-3 1.00001 -1.68632e-06 0.00158965 1.54634e-05 0.999999 -4.91333e-05 -0.000211195 7.79443e-06 1.08085e-10 3.34861e-10 1.12244e-11
-3 1.00001 -1.68696e-06 0.00158965 1.58656e-05 0.999999 -4.91329e-05 -0.000211195 7.79485e-06 1.00158e-10 3.11073e-10 9.43913e-12
-3 1.00001 -1.68757e-06 0.00158965 1.62532e-05 0.999999 -4.91326e-05 -0.000211195 7.79525e-06 1.03515e-10 3.21047e-10 8.27254e-12
-3 1.00001 -1.68817e-06 0.00158965 1.66318e-05 0.999999 -4.91323e-05 -0.000211196 7.79564e-06 1.05254e-10 3.26375e-10 8.85421e-12
-3 1.00001 -1.68857e-06 0.00158965 1.68811e-05 0.999999 -4.91321e-05 -0.000211196 7.7959e-06 9.00266e-11 2.80492e-10 1.06265e-11
-3 1.00001 -1.68918e-06 0.00158965 1.72651e-05 0.999999 -4.91317e-05 -0.000211196 7.7963e-06 8.8799e-11 2.76923e-10 9.05939e-12
-3 1.00001 -1.6898e-06 0.00158965 1.76546e-05 0.999999 -4.91314e-05 -0.000211196 7.79671e-06 9.63198e-11 2.99556e-10 8.22513e-12
-3 1.00001 -1.69042e-06 0.00158965 1.80441e-05 0.999999 -4.9131e-05 -0.000211196 7.79711e-06 1.00736e-10 3.12719e-10 9.20189e-12
-2.99968 1.00001 -1.69312e-06 0.00158965 1.84709e-05 0.999999 -4.92143e-05 -0.000212332 9.19365e-06 4.24724e-05 1.10186e-06 2.2528e-07
-2.99786 1.00001 -1.69368e-06 0.00158967 1.90434e-05 0.999999 -4.85671e-05 -0.000213279 1.28563e-05 0.000126936 2.68357e-06 -3.63835e-08
-2.99371 1.00001 -1.70684e-06 0.00158978 2.0058e-05 0.999999 -4.33008e-05 -0.000209002 1.16601e-05 0.000304405 1.6629e-06 -1.89062e-05
-2.98956 1.00001 -1.74565e-06 0.00159004 2.09281e-05 0.999999 -7.04091e-06 -0.000177452 1.00802e-05 0.000351314 0.000104209 0.000479567
-2.97786 1.00001 -1.50919e-06 0.00159068 2.2383e-05 0.999999 -0.000116374 -0.00112549 2.52841e-05 0.243014 -0.0017944 0.0317155
-2.96634 1.00001 -2.26878e-06 0.00159227 2.37338e-05 0.999999 -2.98825e-05 -0.000109919 2.06834e-05 -0.00344711 0.000392348 -0.00336923
-2.95738 1.00001 -2.14384e-06 0.00159288 2.50283e-05 0.999999 6.70999e-05 -5.31424e-05 2.5165e-05 -0.00198393 -0.000142427 1.18926e-06
-2.94553 1.00001 -2.29989e-06 0.00158637 2.9701e-05 0.999999 1.2153e-05 -0.000200169 0.000286415 0.126213 0.000106388 -0.00401801
-2.92587 1.00001 -1.90639e-06 0.00159112 3.69157e-05 0.999999 8.65705e-06 -0.000149799 3.81945e-05 0.000594595 1.87343e-05 5.72665e-05
-2.90609 1.00001 -1.71897e-06 0.0015897 4.17653e-05 0.999999 -4.93744e-05 -0.000210953 5.09814e-05 0.00118999 9.26407e-06 4.1893e-05
-2.88609 1.00002 -1.83258e-06 0.00159024 4.79101e-05 0.999999 1.86641e-07 -0.000159465 6.13919e-05 0.00114522 6.08478e-07 -4.9237e-05
-2.86935 1.00002 -2.16878e-06 0.0015919 5.07101e-05 0.999999 1.23061e-06 -0.000119368 3.53086e-05 -0.000682685 -1.66016e-05 1.59787e-05
-2.84932 1.00002 -1.77719e-06 0.00159254 5.6912e-05 0.999999 -5.90818e-05 -0.000146286 0.000251987 -0.048003 4.03635e-05 0.000794586
-2.83609 1.00002 -2.20775e-06 0.00159215 6.45428e-05 0.999999 1.19096e-05 -0.000105424 7.56879e-05 -0.000523896 -2.61149e-05 3.28602e-05
-2.81613 1.00002 -1.84761e-06 0.00159046 7.05803e-05 0.999999 5.78118e-06 -0.000162038 8.5686e-05 0.000995087 1.52641e-05 2.43283e-05
-2.79946 1.00003 -1.7867e-06 0.00158966 7.78098e-05 0.999999 -4.88852e-05 -0.000211443 6.77033e-05 0.00121321 1.37702e-05 -2.18603e-06
-2.77945 1.00003 -1.92542e-06 0.00159039 8.67328e-05 0.999999 1.37124e-06 -0.000154234 4.81173e-05 0.00111062 -1.42138e-06 -5.6094e-05
-2.76612 1.00003 -2.25894e-06 0.00159203 8.89629e-05 0.999999 2.57213e-06 -0.000117154 4.30766e-05 -0.000894157 -2.92587e-06 -3.17976e-05
-2.73942 1.00004 -2.85599e-06 0.00159155 0.000100223 0.999999 -0.000100669 -0.000282116 0.000264125 0.00519623 -0.000682404 0.00401506
-2.71948 1.00004 -2.07525e-06 0.00159133 0.000114743 0.999999 8.61599e-06 -0.000148561 0.000136406 0.000646217 1.86623e-05 4.20528e-05
-2.70621 1.00004 -1.882e-06 0.00158995 0.000125671 0.999999 -1.49466e-05 -0.000184893 0.000126011 0.00114276 -6.89513e-07 9.88935e-05
-2.68622 1.00005 -1.90239e-06 0.00158982 0.000136294 0.999999 -3.01601e-05 -0.000193776 0.000104047 0.00120089 1.14413e-05 -0.00010353
-2.66619 1.00005 -2.30974e-06 0.00159185 0.000141601 0.999999 1.58618e-06 -0.000117644 2.22513e-05 -0.000688922 -2.10525e-05 7.36468e-05
-2.64945 1.00006 -2.65016e-06 0.00159265 0.000146821 0.999999 1.29321e-05 -6.82848e-05 0.000179774 -0.00215297 -1.22855e-05 3.57031e-05
-2.63618 1.00006 -2.62752e-06 0.00159315 0.000161732 0.999999 2.39842e-05 0.000366827 0.000163939 -0.0031433 -9.73637e-05 0.00299875
-2.61953 1.00007 -2.23522e-06 0.00159163 0.000177468 0.999999 7.83824e-06 -0.000145259 0.00021233 0.000529752 2.59026e-05 4.60341e-05
-2.60627 1.00007 -1.99685e-06 0.00159007 0.000192002 0.999999 4.35046e-06 -0.000169309 0.000139077 0.001115 2.17056e-05 1.33693e-05
-2.58959 1.00008 -1.98494e-06 0.00158965 0.000199191 0.999999 -4.91032e-05 -0.0002116 8.06568e-05 0.000885624 8.1284e-06 -5.08921e-06
-2.57628 1.00009 -2.07312e-06 0.00159019 0.000206736 0.999999 1.94886e-06 -0.000160541 5.85635e-05 0.00115531 1.13395e-06 -4.74448e-05
-2.54952 1.0001 -2.67376e-06 0.00159244 0.000210599 0.999999 -3.64646e-07 -7.91992e-05 6.63183e-05 -0.00174637 1.0039e-05 -0.000214805
-2.53621 1.0001 -3.34126e-06 0.00159106 0.000229626 0.999999 -3.3894e-05 -0.000315611 0.000406666 0.0279255 -0.00120934 -0.000471879
-2.50961 1.00011 -2.29691e-06 0.00159118 0.000258132 0.999999 6.25503e-06 -0.000152832 0.000214082 0.000758178 3.15587e-05 3.65958e-05
-2.48965 1.00013 -2.09262e-06 0.0015897 0.000274393 0.999999 -4.78062e-05 -0.000209981 7.85025e-05 0.00120375 1.4844e-05 -2.77512e-05
-2.47635 1.00013 -2.13916e-06 0.00158987 0.000281768 0.999999 -2.21395e-05 -0.000186537 9.23822e-05 0.00119184 1.72492e-05 -0.000119269
-2.45962 1.00014 -2.37692e-06 0.00159107 0.000285626 0.999999 4.32119e-07 -0.00013278 2.10257e-05 0.000869646 -4.35522e-06 -7.96704e-05
-2.44628 1.00015 -2.80795e-06 0.00159247 0.000287727 0.999999 2.1773e-06 -7.72659e-05 7.11292e-05 -0.0015682 -3.17884e-06 -4.27899e-05
-2.42634 1.00016 -2.49382e-06 0.00159187 0.000323848 0.999999 1.00785e-05 -7.54167e-05 0.000382088 0.0416758 -0.000350167 -0.007246
-2.40638 1.00018 -2.33687e-06 0.00159061 0.000348259 0.999999 5.3267e-06 -0.000161115 0.000185828 0.000975517 2.74223e-05 2.53386e-05
-2.38641 1.00019 -2.22859e-06 0.00158969 0.000359628 0.999999 -4.86304e-05 -0.000211444 7.4105e-05 0.00120347 1.86511e-05 -2.31261e-05
-2.36971 1.0002 -2.27651e-06 0.0015899 0.000366903 0.999999 -1.87898e-05 -0.000183506 8.7692e-05 0.00118793 1.93287e-05 -0.000125266
-2.35638 1.00021 -2.52158e-06 0.00159112 0.000370481 0.999999 4.73125e-07 -0.000131097 1.8726e-05 0.000845092 -4.29578e-06 -8.11844e-05
-2.34305 1.00022 -2.96142e-06 0.00159253 0.000372804 0.999999 3.01003e-06 -7.60793e-05 8.85145e-05 -0.00141753 -2.56292e-07 -5.10685e-05
-2.31969 1.00024 -2.6377e-06 0.00159196 0.000415444 0.999999 1.28649e-05 4.19593e-07 0.000269143 0.0407084 -0.000196565 -0.00665968
-2.30643 1.00025 -2.57774e-06 0.00159119 0.000433653 0.999999 6.23792e-06 -0.000152743 0.000214736 0.000754547 3.22747e-05 3.67512e-05
-2.28647 1.00027 -2.37295e-06 0.00158972 0.00044952 0.999999 -4.85883e-05 -0.000210772 8.39688e-05 0.00118972 1.24024e-05 4.41873e-05
-2.26977 1.00028 -2.40142e-06 0.00158978 0.000456053 0.999999 -3.69717e-05 -0.000200017 0.000109754 0.00121164 1.48551e-05 -9.23028e-05
-2.25645 1.00029 -2.62786e-06 0.00159094 0.000460904 0.999999 8.71388e-07 -0.000136841 2.19187e-05 0.000926292 -3.60686e-06 -7.59016e-05
-2.2364 1.00031 -3.17566e-06 0.00159259 0.000469396 0.999999 1.93301e-05 -7.83812e-05 0.000440715 -0.00258477 -3.71435e-05 7.37607e-05
-2.21975 1.00033 -2.77257e-06 0.00159274 0.000511777 0.999999 -6.72011e-05 -0.00034335 -1.56231e-05 -0.0220052 -2.52092e-05 0.000578675
-2.19651 1.00035 -2.64384e-06 0.00159066 0.000535721 0.999999 5.40624e-06 -0.000160457 0.000188197 0.000960237 2.88965e-05 2.63099e-05
-2.17654 1.00038 -2.53419e-06 0.00158965 0.000548592 0.999999 -4.89502e-05 -0.0002118 4.86902e-05 0.00127756 6.53075e-06 -6.88511e-06
-2.15652 1.0004 -2.70181e-06 0.00159055 0.000557542 0.999999 1.62849e-06 -0.000149143 3.46409e-05 0.00106506 -1.89379e-06 -6.24241e-05
-2.13647 1.00042 -3.27556e-06 0.00159256 0.000560741 0.999999 4.37523e-06 -7.38288e-05 0.000103684 -0.00157461 -2.09121e-06 -6.23484e-05
-2.11651 1.00044 -2.95973e-06 0.00159184 0.000615361 0.999999 4.3116e-05 -5.4847e-05 0.000422306 0.0451173 -0.000246749 -0.00798594
-2.09563 1.00047 -2.80214e-06 0.00159052 0.000651025 0.999999 5.52897e-06 -0.000164509 0.000177054 0.00110525 3.08133e-05 2.34206e-05
-2.06629 1.00051 -2.72041e-06 0.00158967 0.00066261 0.999999 -4.79722e-05 -0.000211469 0.000118163 0.000989943 1.24413e-05 -1.26064e-05
-2.05528 1.00052 -2.85074e-06 0.00159041 0.000669045 0.999999 1.64629e-06 -0.00015186 4.01596e-05 0.00121474 1.49548e-07 -6.47873e-05
-2.04062 1.00054 -3.2284e-06 0.00159223 0.000670854 0.999999 -1.28139e-05 -9.32267e-05 5.76561e-05 -0.00127711 -3.28906e-05 -2.62957e-05
-2.01127 1.00058 -2.85593e-06 0.00159309 0.000732381 0.999998 4.82035e-05 0.000339915 0.000867057 -0.00370017 0.00228118 0.00328517
-1.98931 1.00061 -2.99338e-06 0.00159067 0.000754218 0.999998 5.84059e-06 -0.000162462 0.00018755 0.00105213 3.28445e-05 2.6763e-05
-1.96734 1.00065 -2.884e-06 0.00158966 0.000766459 0.999998 -4.85918e-05 -0.000211658 8.60783e-05 0.000977288 1.12327e-05 -8.56907e-06
-1.9527 1.00067 -2.99113e-06 0.0015903 0.000773267 0.999998 2.00927e-06 -0.000155794 4.67091e-05 0.0012468 2.19604e-06 -5.92985e-05
-1.93065 1.0007 -3.61592e-06 0.00159255 0.000776473 0.999998 3.91221e-06 -7.35752e-05 9.90164e-05 -0.00162201 -3.87886e-06 -5.11928e-05
-1.91228 1.00073 -3.7694e-06 0.00159046 0.000833652 0.999998 0.00018941 -1.06353e-05 0.00114632 0.055803 -0.00855073 -0.0166241
-1.8977 1.00076 -3.35136e-06 0.00159172 0.000859314 0.999998 7.91171e-06 -0.000147873 0.000227972 0.000508485 4.09476e-05 0.000129276
-1.87938 1.00079 -3.0701e-06 0.00158999 0.00087398 0.999998 -1.30466e-05 -0.000184749 0.000128763 0.00125346 -9.04079e-07 0.000138197
-1.85376 1.00083 -3.10213e-06 0.00158993 0.000884661 0.999998 -1.34846e-05 -0.000177988 7.92255e-05 0.00130192 2.95035e-05 -0.000148215
-1.83172 1.00087 -3.57224e-06 0.00159223 0.00088826 0.999998 -1.08965e-05 -9.48263e-05 5.49192e-05 -0.00127595 -3.99387e-05 -1.46562e-05
-1.80237 1.00093 -3.20888e-06 0.00159371 0.000966225 0.999998 -9.85832e-05 0.000137514 -0.000111132 -0.0474135 0.000654969 0.00796115
-1.78039 1.00094 2.09052e-06 0.00159046 -0.00241288 0.999996 -0.000322754 -0.000177195 -0.0995174 0.00310487 -0.011224 -0.00266391
-1.76567 1.00081 1.33569e-05 0.00158964 -0.00943342 0.999954 -0.00036474 -0.000199817 -0.0997106 0.000883996 -0.0110883 4.57143e-05
-1.74715 1.00036 2.54551e-05 0.00158989 -0.0172162 0.999851 -0.000379207 -0.000173485 -0.0999199 0.000513998 -0.011156 -0.000114842
-1.73239 0.999786 3.87123e-05 0.00159167 -0.0260985 0.999658 -0.000377888 -6.15116e-05 -0.0993747 -0.00206733 -0.0108944 -5.58336e-05
-1.71029 0.998557 5.25983e-05 0.00158938 -0.0333672 0.999442 -0.000308044 1.20058e-05 -0.0928231 0.0575077 -0.0178887 0.00213558
-1.68822 0.996906 6.89431e-05 0.00158971 -0.0439715 0.999032 -0.000208971 -6.95187e-05 -0.0995921 0.00442474 -0.0119504 7.57223e-05
-1.66981 0.995194 8.08307e-05 0.0015883 -0.0515018 0.998672 -0.000318656 -0.000131454 -0.100329 -0.00124007 -0.0110782 2.93068e-05
-1.65516 0.99361 9.22535e-05 0.00158761 -0.0591717 0.998247 -0.00039718 -0.000125692 -0.100678 -0.00145672 -0.0111404 5.18753e-05
-1.63676 0.99134 0.000104122 0.00158833 -0.0673925 0.997725 -0.000499332 -2.21064e-05 -0.100065 -0.00372518 -0.0104989 -2.08408e-05
-1.61122 0.987669 0.000122602 0.00158699 -0.0786261 0.996903 -0.000369379 -7.2034e-05 -0.0979914 -0.00354509 -0.0102662 -0.000200536
-1.58935 0.984051 0.0001421 0.00158479 -0.0896115 0.995976 -0.000265423 -8.90833e-05 -0.0991766 -0.00450392 -0.0101267 -5.46059e-05
-1.56764 0.980017 0.000154708 0.00158298 -0.0980672 0.995179 -0.00028821 -8.4792e-05 -0.101737 -0.017585 -0.00426093 0.00674416
-1.54951 0.976287 0.000167124 0.00158276 -0.106572 0.994304 -0.000388187 4.67665e-06 -0.101346 -0.00498678 -0.0100644 1.76352e-06
-1.5279 0.971424 0.000184451 0.0015799 -0.117367 0.993087 -0.000477054 0.00014273 -0.0978726 -0.0125357 -0.00644968 0.00588714
-1.50641 0.966139 0.000200718 0.00157735 -0.127354 0.991856 -0.000415986 -7.80735e-05 -0.09869 -0.00427091 -0.0101396 -8.72706e-05
-1.48145 0.959432 0.000219162 0.00157569 -0.138342 0.990383 -0.000337313 -5.59835e-05 -0.0993551 -0.00555724 -0.00954109 -5.23202e-05
-1.46013 0.95321 0.000233599 0.00157377 -0.149798 0.988715 -0.000425316 6.39286e-05 -0.110346 0.00935985 -0.0189025 -0.0102174
-1.43913 0.946651 0.000241309 0.00157434 -0.153378 0.988166 -9.62813e-05 0.000510487 -0.00264633 0.00459971 -0.00347535 0.0025866
-1.40073 0.934435 0.000242136 0.00157121 -0.153331 0.988174 -0.00016184 -0.000145415 0.000428103 0.00113993 -0.000766758 1.55971e-05
-1.36924 0.924424 0.000242806 0.00157366 -0.153308 0.988177 -1.54866e-05 -9.52599e-05 -0.000746767 -0.000852696 0.00050793 -0.000109319
-0.216475 0.57155 8.10328e-05 0.00159028 -0.0519397 0.998649 0.000334315 -0.0001441 0.101179 0.00106382 0.0110339 -2.48643e-05
-0.191266 0.569086 6.56954e-05 0.00158925 -0.0421078 0.999112 0.000358506 -0.000162077 0.0993794 0.00166918 0.0106992 0.000285247
-0.18041 0.568203 5.47736e-05 0.00158888 -0.0354195 0.999371 0.000309241 -0.000189372 0.0990351 0.00270072 0.0105229 9.16706e-06
-0.162241 0.566967 4.26409e-05 0.00158924 -0.0279908 0.999607 0.000237695 -0.000213242 0.0990863 0.00250408 0.0106082 -1.15879e-05
-0.147735 0.566196 3.12532e-05 0.00159061 -0.0210506 0.999777 0.000259773 -0.000110119 0.0991768 0.00203996 0.0107678 -4.49018e-06
-0.125792 0.565337 2.64632e-05 0.00159258 -0.0180976 0.999835 -3.10632e-05 -6.19872e-05 0.000310711 -0.00159817 -0.000983233 6.73581e-05
-0.103861 0.564545 2.55906e-05 0.00159126 -0.0182919 0.999831 0.000211567 5.90209e-05 -0.000367219 0.0443991 -0.00354449 0.00134822
-0.0855645 0.563876 2.74336e-05 0.0015903 -0.0182811 0.999832 1.37494e-05 -0.000156638 -0.000195922 0.000952944 -8.53199e-05 3.29762e-05
-0.0709669 0.563342 2.74463e-05 0.00158947 -0.0182996 0.999831 -8.43275e-06 -0.000173683 -0.000348486 0.000805412 -0.000179108 0.00034263
-0.0526104 0.562669 2.73287e-05 0.00158961 -0.0183197 0.999831 -7.03714e-05 -0.000197376 -0.000317153 0.00132459 -0.000130414 -6.92364e-05
-0.0379673 0.562132 2.68595e-05 0.0015912 -0.0183441 0.99983 -5.35172e-05 -8.46566e-05 -0.000344249 0.000479731 -8.65574e-05 -1.80076e-05
-0.0195701 0.561457 2.68998e-05 0.0015927 -0.0183419 0.999831 -2.67495e-05 -5.92248e-05 0.000348492 -0.00192544 0.000171878 -4.51193e-05
-0.00495789 0.560922 2.57725e-05 0.00159135 -0.0184098 0.999829 -0.000453888 -0.00026161 -0.00966095 -0.00223586 0.00138764 0.00172158
0.0132976 0.560247 2.77842e-05 0.00159079 -0.0185258 0.999827 2.48857e-05 -0.00014308 -0.000109452 0.000310996 -2.69206e-05 6.07934e-05
0.0352472 0.559433 2.78123e-05 0.0015894 -0.0185527 0.999827 -4.24345e-05 -0.000194094 -0.000269804 0.000940827 -0.000103287 7.37769e-05
0.0608737 0.558481 2.74658e-05 0.00159064 -0.0185861 0.999826 -3.40616e-05 -0.000137222 -0.000327784 0.00105112 -0.000122191 -7.84621e-05
0.079272 0.557796 2.72151e-05 0.00159247 -0.0185947 0.999826 -3.81184e-05 -6.7908e-05 0.00022878 -0.00148201 0.000130403 -6.96092e-05
0.093898 0.557253 2.79893e-05 0.00159279 -0.0185569 0.999827 -5.41506e-05 -5.55829e-05 -0.000831909 -0.0128071 0.000284932 -0.00182971
0.112158 0.556571 2.8055e-05 0.00159113 -0.018772 0.999823 3.40967e-05 -0.00013094 6.09335e-05 0.000107038 3.06288e-06 3.62658e-05
0.134101 0.555747 2.82334e-05 0.00158947 -0.0187935 0.999822 -3.2514e-06 -0.000171579 -0.000359375 0.000665696 -7.65407e-05 -7.59908e-05
0.152343 0.555061 2.80991e-05 0.00158966 -0.0188159 0.999822 -6.80952e-05 -0.000193081 -0.000321322 0.00131438 -0.000132917 -8.50484e-05
0.167093 0.554505 2.76972e-05 0.00159107 -0.0188373 0.999821 -5.94608e-05 -8.4673e-05 -0.000359946 0.00109263 -0.000110106 4.03706e-05
0.181746 0.553953 2.7648e-05 0.00159262 -0.0188384 0.999821 -3.19959e-05 -6.20049e-05 0.000305635 -0.00172359 0.000157357 -4.86326e-05
0.200109 0.553262 2.82313e-05 0.00159258 -0.018832 0.999821 -6.17522e-06 -0.000153065 -0.00557865 -0.0567216 0.00417192 -0.000596426
0.214637 0.552712 2.84858e-05 0.00159103 -0.0190182 0.999818 3.05391e-05 -0.000135925 1.12594e-05 -7.08709e-05 1.66037e-05 8.50643e-05
0.232954 0.552014 2.86266e-05 0.0015897 -0.0190305 0.999818 2.97457e-06 -0.000166805 -0.000290594 0.00119212 -0.00011792 1.55608e-05
0.247562 0.551458 2.8562e-05 0.00158941 -0.0190527 0.999817 -6.86536e-05 -0.000204743 -0.000298386 0.00136486 -0.000134515 -3.86621e-06
0.265931 0.550758 2.8358e-05 0.00159023 -0.0190736 0.999817 -2.93434e-05 -0.000149417 -0.000340321 0.00122762 -0.000137749 2.14963e-06
0.287963 0.549916 2.80533e-05 0.00159264 -0.0190841 0.999817 -3.03624e-05 -6.09458e-05 0.00032135 -0.00179173 0.000166109 -5.5246e-05
0.302583 0.549359 2.86229e-05 0.00159246 -0.0190895 0.999817 -4.35612e-05 -0.000130198 -0.00682783 -0.0531687 0.00321978 -0.000265794
0.320715 0.548682 2.26831e-05 0.00159098 -0.0153797 0.99988 0.000337079 -0.00015702 0.0995863 -0.00143731 0.0110314 0.00189262
0.335184 0.548275 1.09185e-05 0.00158979 -0.00796345 0.999967 0.000318047 -0.000174953 0.0995459 0.00157496 0.0108077 1.23934e-05
0.357032 0.547997 3.32737e-06 0.00158972 -0.00314693 0.999994 -4.15666e-05 -0.000200787 -1.20409e-05 0.00122355 -9.41183e-05 -0.000136108
0.379063 0.547859 3.12349e-06 0.00159198 -0.00315558 0.999994 -5.66317e-06 -0.000111759 -0.000167371 -0.000821059 -3.72374e-05 3.93907e-05
0.408424 0.547673 1.81526e-06 0.00159123 -0.00328343 0.999993 -0.000128765 -0.000256702 -0.00421764 0.0355083 -0.00281938 -0.00387057
0.423016 0.547576 3.04986e-06 0.00159169 -0.00333277 0.999993 -2.82803e-06 -0.000105083 0.000112084 -8.89611e-05 1.95034e-05 0.00013638
0.441346 0.547454 3.54485e-06 0.00158992 -0.00333019 0.999993 -1.95088e-06 -0.000175477 -2.01083e-05 0.001253 -0.000102327 0.00045767
0.463337 0.547307 3.65087e-06 0.00158997 -0.0033345 0.999993 -1.91713e-05 -0.000177424 -4.3313e-05 0.00129469 -7.5462e-06 -0.000145175
0.485375 0.54716 3.48773e-06 0.00159168 -0.00334171 0.999993 -4.15511e-06 -0.000112574 -0.000123819 0.000671128 -3.05134e-05 -0.000106217
0.507405 0.547012 3.42677e-06 0.00159303 -0.00341862 0.999993 -3.80561e-05 -9.77839e-05 -0.00429077 -0.0484965 -0.00672444 -0.000586906
0.521961 0.546912 3.28062e-06 0.00159199 -0.00353015 0.999993 1.39388e-06 -8.8635e-05 5.39488e-05 -0.00085009 2.18939e-05 0.00010433
0.540288 0.546783 3.76437e-06 0.00159025 -0.00352619 0.999993 6.51464e-06 -0.000165324 1.33357e-05 0.00114767 -7.94189e-06 2.05752e-05
0.56227 0.546628 3.95761e-06 0.00158974 -0.00352977 0.999993 -4.9199e-05 -0.000205377 -1.11346e-05 0.00133728 -2.02781e-05 -8.04219e-05
0.587936 0.546447 3.72424e-06 0.0015921 -0.00354027 0.999992 -3.99218e-06 -0.000112937 -0.000181568 -0.000834535 -1.9247e-05 -1.21744e-05
0.606342 0.546316 4.02673e-06 0.00159352 -0.0035603 0.999992 2.17997e-05 -4.32694e-05 -0.000839978 -0.00678067 -0.000185794 -0.000110611
0.620904 0.546212 3.41338e-06 0.00159233 -0.00373438 0.999992 9.30537e-06 -4.85188e-05 2.78699e-05 0.00187167 -9.5846e-05 -7.57504e-05
0.642853 0.546048 4.15736e-06 0.00158999 -0.00372932 0.999992 4.88945e-06 -0.000169469 -1.17542e-05 0.00122128 -1.40941e-05 1.33022e-05
0.664833 0.545884 4.27392e-06 0.00158968 -0.00373268 0.999992 -5.27707e-05 -0.000209791 5.58212e-07 0.00137997 -2.18476e-05 -2.25223e-05
0.683221 0.545746 4.23498e-06 0.00159064 -0.00373674 0.999992 -3.47585e-06 -0.000145767 -8.72524e-05 0.00116539 -3.55624e-05 -7.25044e-05
0.70527 0.545581 4.10342e-06 0.00159316 -0.00375576 0.999992 9.4563e-06 -6.59289e-05 -0.000299945 -0.00263211 -0.000140618 -8.98411e-05
0.71985 0.545473 3.5242e-06 0.00159236 -0.00394671 0.999991 7.66042e-05 -9.32638e-05 0.000218485 0.00836388 -2.68062e-06 -0.00378358
0.741795 0.545299 4.3146e-06 0.00159068 -0.0039408 0.999991 8.20585e-06 -0.000158916 4.00416e-05 0.000991742 -4.59341e-06 3.0647e-05
0.782145 0.544981 4.59986e-06 0.00159033 -0.00394641 0.999991 -2.96114e-06 -0.00015556 -7.11508e-05 0.001249 -3.48331e-05 -5.89911e-05
0.818832 0.544691 2.26848e-06 0.00159187 -0.0041586 0.99999 -0.00020407 0.000186209 -0.00442307 0.0609184 -0.00303156 0.000228856
0.866327 0.544299 4.93398e-06 0.00158964 -0.00415848 0.99999 -5.26922e-05 -0.000210444 -1.54828e-05 0.000979494 -1.79145e-05 -3.94602e-06
0.906752 0.543962 4.69164e-06 0.00159283 -0.00417676 0.99999 2.28379e-06 -8.53627e-05 -0.000202667 -0.00177702 5.19085e-06 -7.50445e-05
0.950653 0.543587 5.14209e-06 0.00159016 -0.00437704 0.999989 5.50317e-06 -0.000166777 4.50173e-06 0.00117561 -1.37475e-05 1.81559e-05
0.994645 0.543202 5.24163e-06 0.00159085 -0.00438555 0.999989 -4.26157e-06 -0.000138839 -9.68318e-05 0.00108845 -3.9225e-05 -8.11183e-05
1.02768 0.542912 2.85811e-06 0.00159203 -0.00461109 0.999988 -0.000116788 0.000170746 -0.00391218 0.0555097 -0.00170748 0.00100801
1.06057 0.54261 5.55928e-06 0.00158996 -0.00460712 0.999988 4.17975e-06 -0.000169841 -1.55426e-05 0.00122657 -1.88916e-05 1.25108e-05
1.09357 0.542306 5.62358e-06 0.00159069 -0.00461484 0.999988 -4.18282e-06 -0.000143972 -9.01849e-05 0.00114658 -4.00047e-05 -7.48394e-05
1.12663 0.542 5.54304e-06 0.00159313 -0.00468397 0.999988 -5.29767e-05 -9.68099e-05 -0.00538103 -0.0391866 -0.00121784 0.000575885
1.15951 0.541687 5.82307e-06 0.00159035 -0.004836 0.999987 6.26805e-06 -0.000163767 2.05768e-05 0.00111456 -1.26275e-05 2.31734e-05
1.19249 0.541368 6.04263e-06 0.00159009 -0.00484108 0.999987 -1.824e-06 -0.00016078 -5.73994e-05 0.00131225 -4.40224e-05 2.40088e-05
1.22555 0.541047 6.00609e-06 0.00159338 -0.00486668 0.999987 1.66913e-05 -5.15669e-05 -0.000540897 -0.00454528 -1.26558e-05 -9.99281e-05
1.2658 0.540645 6.26006e-06 0.00159011 -0.0050708 0.999986 4.81576e-06 -0.000167531 4.65872e-07 0.00118836 -1.78676e-05 1.69685e-05
1.30243 0.540274 6.37792e-06 0.00159052 -0.00507801 0.999986 -4.23475e-06 -0.000149122 -8.38119e-05 0.00119733 -4.16377e-05 -6.80476e-05
1.33548 0.539937 6.16579e-06 0.00159298 -0.00517794 0.999985 -5.53016e-05 -8.90031e-05 -0.00649784 -0.0492297 -0.0189313 0.000834015
1.36474 0.539631 6.58264e-06 0.00159034 -0.00531244 0.999985 5.93465e-06 -0.000163899 1.88769e-05 0.00111756 -1.54758e-05 2.29491e-05
1.41236 0.539125 6.6814e-06 0.00159127 -0.00532276 0.999985 -5.30436e-06 -0.000125174 -0.000112349 0.000897137 -4.05064e-05 -9.55946e-05
1.45632 0.538653 6.5124e-06 0.001592 -0.00556328 0.999983 9.33266e-07 -8.8119e-05 5.60919e-05 -0.000858083 2.97851e-05 7.11335e-05
1.50027 0.538164 7.19246e-06 0.00159 -0.00556414 0.999983 -1.58962e-05 -0.000172818 -4.91825e-05 0.00129422 -1.01278e-05 -0.000154156
1.5407 0.537713 7.16496e-06 0.00159329 -0.00561528 0.999983 -3.17212e-05 -0.000100371 -0.00320536 -0.023534 0.00559995 -0.00112342
1.58456 0.537209 7.5003e-06 0.00158985 -0.00581163 0.999982 -1.26104e-05 -0.000181965 -2.72225e-05 0.00128308 -6.02267e-05 0.000110263
1.6506 0.536442 5.15629e-06 0.0015916 -0.00600545 0.999981 -0.00024047 -0.000133491 -0.00687383 0.0182035 -0.00207886 0.00508605
2.19989 0.558623 -0.000177401 0.00157978 0.11102 0.993817 0.000300402 -1.59488e-05 0.106075 0.0487737 0.0362082 0.00128315
2.22107 0.563559 -0.000194505 0.00157954 0.121371 0.992606 0.000445653 3.07647e-05 0.104324 -0.00124132 0.0128231 -0.000292987
2.25977 0.573751 -0.000222306 0.00157417 0.138777 0.990322 0.000381182 -9.24149e-05 0.0990709 -0.00464256 0.00984186 8.37262e-05
2.30202 0.585988 -0.000226084 0.00157553 0.140932 0.990018 0.00017052 -0.000137556 0.0101575 -0.0550934 -0.0337961 -4.66835e-05
2.33705 0.596193 -0.000226086 0.00157448 0.141376 0.989955 0.000110875 -0.000106275 -0.000288797 0.000482258 0.000281863 6.11019e-05
2.37579 0.607485 -0.000227001 0.0015743 0.141307 0.989965 -2.22149e-05 -0.000160264 -0.000516441 0.000930571 0.00063485 -0.000129267
2.41089 0.617719 -0.000228142 0.00157638 0.14176 0.9899 -0.000177477 -1.77614e-05 0.000735958 -0.014334 -0.0086755 0.00540612
2.44252 0.626971 -0.000226893 0.00157376 0.141829 0.98989 0.000104486 -0.000129875 -0.000444311 0.00102698 0.000610149 1.36858e-05
2.48127 0.638305 -0.000228328 0.00157509 0.141758 0.9899 7.36519e-06 -0.000114154 -0.000274054 -7.12216e-05 -9.62307e-05 -3.89663e-05
2.85683 0.767545 -0.000337398 0.00155383 0.211365 0.977406 0.000139188 -9.03949e-05 0.000649835 0.000656271 0.000842102 -3.52029e-05
2.88361 0.779698 -0.000337643 0.00155546 0.211391 0.9774 0.000115044 -1.90909e-05 -0.000535763 -0.0002138 -0.000443953 -7.19647e-05
2.89364 0.784245 -0.000338644 0.00155576 0.211304 0.977419 6.64546e-05 -1.5064e-05 -0.00117155 0.0082381 0.00998793 -0.00225534
2.91359 0.793296 -0.000338833 0.00155472 0.211604 0.977354 -0.000314372 -8.30092e-05 -0.000777531 0.0270739 0.0311715 -0.000834027
2.92685 0.799323 -0.000339123 0.00155442 0.211627 0.977349 4.58454e-05 -0.000176052 0.000718008 0.000555273 0.000754797 0.000106149
2.94686 0.808414 -0.000338046 0.00155352 0.211694 0.977335 0.00013567 -0.00011647 0.000690847 0.000777308 0.00104399 -0.000173154
2.96691 0.817527 -0.00033792 0.00155472 0.211744 0.977324 0.000132325 -4.46457e-05 0.000140599 2.41658e-05 4.93535e-05 -6.74915e-05
2.98366 0.825142 -0.000338519 0.00155594 0.21171 0.977331 9.5628e-05 -2.86101e-05 -0.0018754 -0.00304403 -0.00949088 0.00034147
2.99367 0.829694 -0.000339295 0.00155581 0.211621 0.97735 4.01512e-05 -6.59081e-05 -0.00101249 -0.00165774 -0.00207001 8.59473e-05
3.00692 0.835716 -0.000338945 0.00155424 0.211951 0.977279 -0.0002617 -9.11082e-05 0.000378881 0.0365123 0.0416307 -0.000859403
3.02686 0.844792 -0.000339271 0.0015538 0.211988 0.977271 7.2209e-05 -0.000177459 0.000742189 0.000589894 0.000640078 -9.41733e-05
3.04357 0.852398 -0.00033861 0.00155339 0.212039 0.97726 0.000135137 -0.000124058 0.000695559 0.000780493 0.00104363 -0.000145785
3.0569 0.858467 -0.000338396 0.00155415 0.212081 0.977251 0.000137846 -6.2659e-05 0.000558648 0.000166036 0.000294302 -1.63032e-05
3.08696 0.872161 -0.000339844 0.00155568 0.211967 0.977276 3.97699e-05 -6.71188e-05 -0.000984761 -0.00178538 -0.00223173 6.71867e-05
3.11685 0.885779 -0.00034005 0.00155396 0.212325 0.977198 4.85832e-05 -0.000177634 0.000735953 0.000613346 0.000837727 1.69647e-05
3.14686 0.899469 -0.000338968 0.00155381 0.21242 0.977177 0.000138864 -7.07195e-05 0.000660403 0.000808864 0.00104135 -4.23416e-05
3.18362 0.916246 -0.000340402 0.00155559 0.212319 0.977199 3.27756e-05 -6.06603e-05 -0.00110025 -0.000823712 -0.00116433 -5.04867e-05
3.2068 0.926828 -0.000340808 0.00155409 0.212665 0.977124 4.68409e-05 -0.000173905 0.000714137 0.000547302 0.00075106 0.00010426
3.2435 0.9436 -0.000339513 0.00155374 0.212768 0.977101 0.00013909 -6.79229e-05 0.000641099 0.000699026 0.000908208 -6.32502e-05
3.26685 0.954274 -0.000340497 0.0015557 0.212699 0.977116 8.4126e-05 -0.000139771 -0.0015252 -0.0138049 -0.0163618 0.0018782
3.30672 0.972507 -0.000340827 0.00155333 0.213032 0.977044 0.000122184 -0.000182592 0.000757383 0.00068968 0.000870228 -5.09983e-06
3.34342 0.989316 -0.000340081 0.00155408 0.213127 0.977023 0.000135408 -5.2187e-05 0.000306943 8.31129e-05 0.000145761 -5.35933e-05
3.37345 1.00307 -0.00034151 0.00155535 0.21301 0.977049 3.70464e-05 -5.85456e-05 -0.00107681 -0.000791644 -0.00109847 0.000163076
3.4033 1.01675 -0.00034144 0.00155328 0.213375 0.976969 9.15865e-05 -0.000179475 0.000749665 0.000629791 0.000855515 -0.000203359
3.44331 1.03511 -0.000340861 0.00155458 0.213472 0.976948 0.000120704 -2.3414e-05 -0.000356762 -0.000201522 -0.000289802 -7.02675e-05
3.48319 1.05341 -0.000343233 0.00155498 0.213673 0.976904 0.000293802 -0.000145733 0.000408523 -0.0247073 -0.0280129 0.00461094
3.51314 1.06717 -0.000341342 0.0015528 0.213769 0.976883 0.000136711 -0.000114107 0.000690239 0.000767159 0.00105087 -0.000180152
3.54646 1.08249 -0.0003418 0.00155521 0.213786 0.976879 9.52484e-05 -2.22955e-05 -0.00176371 -0.00458014 -0.00637206 0.000293601
3.58301 1.0993 -0.000343477 0.00155425 0.214028 0.976826 3.31692e-05 -0.000126856 0.000507353 0.000203208 0.00029848 -0.000164539
3.61296 1.11309 -0.000341767 0.00155297 0.214135 0.976803 0.000141346 -8.2859e-05 0.000679371 0.000511548 0.000694843 -3.92574e-05
3.65297 1.13151 -0.000343014 0.00155494 0.214056 0.97682 1.49634e-05 -8.71359e-05 -0.00123401 0.00490581 0.00148678 8.97636e-05
3.67612 1.14218 -0.000343814 0.00155382 0.214377 0.97675 3.72823e-05 -0.000153815 0.000669766 0.000124266 0.000255737 0.000161584
3.71605 1.1606 -0.000342268 0.00155361 0.214502 0.976722 0.000135604 -5.11733e-05 0.000300895 7.64832e-05 0.000138387 -5.63488e-05
3.75274 1.17753 -0.000343363 0.00155447 0.214374 0.97675 -3.51776e-05 -0.000104952 0.000728715 -0.0104224 -0.0125734 -0.00102085
3.79252 1.1959 -0.000343003 0.00155242 0.214795 0.976658 0.000135825 -0.000128429 0.000699555 0.000772418 0.00104867 -0.000136942
3.82251 1.20977 -0.000343172 0.00155434 0.214838 0.976648 0.000112365 -1.52878e-05 -0.000624762 -0.00033377 -0.000549428 -7.11157e-05
3.85271 1.22354 -0.000327807 0.00155662 0.205139 0.978732 -0.000577602 -0.000198326 -0.0983975 0.045547 0.0321816 -0.00323334
3.94001 1.25456 -0.00021389 0.00157785 0.133019 0.991112 -0.000167272 -0.000140509 -0.0979219 0.00843398 -0.00770551 -0.00055812
3.97214 1.26294 -0.000189898 0.00157908 0.118775 0.99292 -0.000198058 -0.000184522 -0.100362 0.00550982 -0.00964927 2.69171e-05
4.12654 1.28219 1.66258e-05 0.00159001 -0.0114308 0.999933 -0.00062919 -0.000158537 -0.199333 0.000233364 -0.0222753 1.00709e-05
4.14887 1.28147 4.78338e-05 0.00158929 -0.0312802 0.999509 -0.000723816 -0.000151288 -0.199831 -0.00148167 -0.0223415 -4.02736e-05
4.16751 1.28019 6.72162e-05 0.00159012 -0.0440598 0.999028 -0.000771467 -3.32355e-05 -0.199692 -0.00447314 -0.0219178 -9.34972e-05
4.18231 1.27873 9.11063e-05 0.00158766 -0.0582269 0.998302 -0.000516499 -0.000280009 -0.185421 -0.01323 -0.01888 0.00819105
4.20074 1.27636 0.000113283 0.00158732 -0.0723562 0.997378 -0.000637216 -6.31088e-05 -0.197405 -0.00601457 -0.0212268 -6.08581e-06
4.21178 1.27464 0.000134988 0.00158495 -0.0854798 0.996339 -0.000588355 -4.46758e-05 -0.198321 -0.00711593 -0.0209993 -9.98036e-06
4.23379 1.27055 0.000167118 0.00158223 -0.105736 0.994393 -0.000688918 -3.48857e-05 -0.200975 -0.00175766 -0.0240575 -0.00243731
4.24831 1.26735 0.000188727 0.00158084 -0.119889 0.992786 -0.000696361 8.32077e-05 -0.20081 -0.0115487 -0.0193133 7.31748e-05
4.26639 1.26279 0.000211497 0.00157613 -0.134027 0.990976 -0.000750152 0.000280622 -0.195781 0.0371016 -0.0487278 -0.00367664
4.28064 1.25874 0.000236336 0.00157271 -0.149933 0.988695 -0.000608435 2.37746e-05 -0.148946 -0.00864434 -0.0141557 0.00131179
4.29835 1.2532 0.000248606 0.00157018 -0.157413 0.987532 -0.000463903 -4.61936e-05 -0.0992558 -0.00543655 -0.00966812 -4.5768e-06
4.31235 1.24855 0.000259696 0.00156885 -0.164231 0.986421 -0.000390116 -3.04524e-05 -0.099467 -0.00576106 -0.00952098 -4.01655e-05
4.33333 1.24121 0.000275619 0.00156857 -0.174254 0.984699 -0.000356593 3.13272e-05 -0.0998493 -0.00830568 -0.00750363 -6.46749e-05
4.3507 1.23478 0.00028736 0.00156654 -0.181216 0.983442 -0.000395738 -7.83135e-06 -0.0992598 -0.0563526 0.0193376 0.000358348
4.36093 1.23083 0.000297159 0.00156419 -0.187887 0.982189 -0.000363239 1.30351e-05 -0.0993994 -0.00747626 -0.00814629 0.000285819
4.38482 1.22114 0.000313271 0.00155876 -0.19801 0.980199 -0.000401914 -7.95611e-06 -0.0999167 -0.00705287 -0.00860365 2.37317e-05
4.40518 1.21237 0.000329492 0.00155557 -0.208442 0.978034 -0.000484192 5.02579e-05 -0.100231 -0.00742571 -0.00838608 -3.36459e-05
4.4254 1.20318 0.000343985 0.0015546 -0.217872 0.975976 -0.000397247 0.0001429 -0.0994051 -0.00920405 -0.00619733 -2.7712e-05
4.43542 1.19844 0.000355451 0.00155118 -0.224226 0.974536 -0.000445717 -0.00020572 -0.0952433 -0.0282544 0.0205349 -0.00217444
4.45202 1.19033 0.000365614 0.00154945 -0.230409 0.973093 -0.000325318 1.01855e-05 -0.098422 -0.00938066 -0.00579026 -3.36611e-05
4.4651 1.18369 0.000375738 0.00154482 -0.237459 0.971396 0.000145846 -1.75297e-05 -0.0999061 0.00491818 -0.0270373 -0.00317617
4.48144 1.17508 0.000387543 0.00154234 -0.244426 0.969667 -0.000385502 3.51957e-05 -0.100696 -0.00868789 -0.00705895 0.000124727
4.49118 1.16978 0.000397276 0.00154064 -0.251007 0.967984 0.000262185 0.000110773 -0.0507127 0.00822865 -0.0198594 0.0897711
4.50403 1.16263 0.000398851 0.00154084 -0.25249 0.967598 -0.000178131 7.52921e-05 -0.000798973 -0.000273164 0.000278882 -1.89817e-05
4.52004 1.15366 0.000399169 0.00154032 -0.252417 0.967617 -0.000170789 -8.96355e-06 0.00860668 -0.0133422 0.0144767 0.00412583
4.53921 1.14294 0.000399817 0.00154036 -0.252198 0.967674 -0.000104046 -0.000102919 0.00174089 0.000237164 -3.78119e-05 -2.44213e-05
4.55838 1.13222 0.000398196 0.00153812 -0.25231 0.967645 -0.000255335 -4.5981e-05 -0.00963809 0.0112995 -0.0151256 -0.0138929
4.57753 1.1215 0.000399856 0.00153923 -0.252458 0.967607 -0.000129142 -8.32527e-05 -0.00135012 0.00046753 -0.00102795 -1.57375e-05
4.5903 1.11435 0.000399075 0.00154044 -0.252538 0.967586 -0.000162161 4.41089e-05 -0.00114645 -0.000146223 9.18301e-06 4.52391e-05
4.60307 1.1072 0.000398984 0.00154098 -0.252565 0.967579 -0.000176524 6.52502e-05 0.00084937 -0.00375023 0.00713134 0.000186354
4.62548 1.09465 0.00039959 0.00154059 -0.252292 0.96765 -0.000107006 -8.83214e-05 0.00189162 0.000567437 -0.000583297 0.00013391
4.64467 1.08392 0.000401145 0.00153993 -0.252225 0.967667 -0.000228732 -8.00659e-05 -0.00467046 -0.0216964 0.0332441 8.55737e-05
4.66379 1.07321 0.000400199 0.00153914 -0.2525 0.967596 -0.000119681 -9.87622e-05 -0.00127802 0.000418077 -0.000934308 -1.88088e-06
4.68299 1.06246 0.000399084 0.00154065 -0.252618 0.967565 -0.000173715 6.55968e-05 -0.000915849 -0.000225784 0.000179953 1.44664e-05
4.70531 1.04995 0.000399245 0.00154069 -0.25243 0.967614 -9.39898e-05 7.95615e-05 0.00152793 0.0125458 -0.0208383 -0.00306865
4.72451 1.03921 0.000400527 0.00154 -0.252286 0.967651 -7.22387e-05 -0.00012649 0.00121333 1.72226e-05 0.000213869 -4.66615e-05
4.74049 1.03027 0.000398304 0.00153792 -0.252486 0.967599 -0.000133258 -4.27337e-05 -0.00684724 0.0246537 -0.0435304 0.00538702
4.75965 1.01954 0.000400069 0.00153918 -0.25259 0.967572 -0.000129177 -8.32522e-05 -0.0013494 0.000467067 -0.00102822 -1.56802e-05
4.77242 1.01238 0.000399284 0.00154039 -0.252671 0.967551 -0.000162535 4.48074e-05 -0.00114058 -0.000150086 1.66992e-05 4.15616e-05
4.78202 1.007 0.000399168 0.00154095 -0.252699 0.967544 -0.000176154 7.29892e-05 0.000623263 -0.00233592 0.00569245 3.93372e-05
4.80117 0.996271 0.000399733 0.00154057 -0.252433 0.967613 -0.000110864 -7.89548e-05 0.0019116 -0.000213594 0.000531708 -0.000182381
4.81719 0.987301 0.000400806 0.00153995 -0.252343 0.967637 -5.98437e-05 -0.000133303 0.000965131 -0.000162278 0.000459057 -4.89283e-05
4.83632 0.976595 0.000400662 0.00153908 -0.252588 0.967573 1.11583e-05 -0.000144788 -0.000422579 0.0028754 -0.00475901 -0.000185919
4.8555 0.965845 0.000399869 0.00153945 -0.252693 0.967545 -0.000137776 -5.80853e-05 -0.00138278 0.00044195 -0.000995969 -3.80412e-05
4.86827 0.958685 0.000399195 0.00154095 -0.252769 0.967525 -0.000178908 9.05744e-05 -0.000243175 -0.000566429 0.000852827 -6.86017e-06
4.88742 0.94795 0.000399184 0.00154139 -0.252558 0.96758 -6.00158e-05 0.000111522 0.000953992 -0.00371083 0.00606302 0.00469294
4.90018 0.940804 0.000400457 0.00154008 -0.252444 0.96761 -9.19174e-05 -0.000113062 0.00155285 0.000158648 5.17971e-05 -3.4868e-05
4.92257 0.928267 0.000400607 0.00153897 -0.252647 0.967557 0.000338711 -0.000212422 0.00122689 0.00996972 -0.0163552 0.0018919
4.94175 0.917519 0.000400122 0.00153924 -0.252739 0.967533 -0.000134124 -7.12069e-05 -0.00137516 0.000468538 -0.0010377 -2.69851e-05
4.95451 0.91036 0.000399409 0.00154054 -0.252814 0.967514 -0.000172507 6.33728e-05 -0.000945517 -0.000218769 0.000164923 1.6885e-05
4.97054 0.901372 0.000399657 0.00154042 -0.252803 0.967517 -0.000181662 2.24438e-05 0.00432244 -0.0172398 0.0322609 -0.000140549
4.98642 0.89247 0.000400276 0.00154028 -0.252537 0.967586 -0.000107311 -9.96174e-05 0.00178757 0.000248606 -4.62506e-05 -1.95006e-05
5.00886 0.879903 0.000399561 0.00153835 -0.252592 0.967571 -0.000582607 -4.33225e-05 -0.010953 0.00497911 -0.00685332 0.00149335
5.02799 0.869182 0.000400422 0.00153908 -0.252784 0.967521 -0.000127931 -8.57966e-05 -0.00134009 0.000462332 -0.00102063 -1.3183e-05
5.04718 0.858414 0.000399438 0.00154074 -0.252892 0.967493 -0.000178758 8.17225e-05 -0.000642868 -0.000300858 0.000355217 -2.76196e-05
5.05995 0.851254 0.000400299 0.00153891 -0.252748 0.967531 -0.000138798 -9.06228e-05 0.00741241 0.0158605 -0.0227541 0.00408313
5.07592 0.842297 0.00040003 0.00154049 -0.252629 0.967562 -0.000117018 -7.54978e-05 0.00192095 0.000707303 -0.00103717 7.10945e-05
5.08868 0.835148 0.000401118 0.00153987 -0.252537 0.967586 -5.97538e-05 -0.000133338 0.000961534 -0.000166866 0.000466762 -4.90576e-05
5.09827 0.829778 0.000399656 0.0015381 -0.252778 0.967523 0.000218998 -0.000206922 -0.0016868 0.0270118 -0.0396072 -0.00779004
5.11422 0.820833 0.000400774 0.001539 -0.252824 0.967511 -0.000116211 -0.000101932 -0.00125491 0.000402941 -0.000901708 5.68498e-05
5.12698 0.813676 0.000399963 0.00153975 -0.252905 0.96749 -0.000127962 9.38114e-06 -0.0013862 0.000353709 -0.000906957 4.90144e-06
5.14618 0.802901 0.000399715 0.00154067 -0.252953 0.967477 -0.000182724 3.82725e-05 0.00185986 -0.00929078 0.0147701 0.000342308
5.16532 0.792167 0.00040025 0.00154042 -0.252685 0.967547 -0.000109278 -8.90416e-05 0.00189118 0.000612744 -0.000652 0.000142045
5.18134 0.783188 0.000401572 0.00153991 -0.252592 0.967572 -3.6866e-05 -0.000140515 0.000369775 -0.00237324 0.00100604 -0.000155866
5.19403 0.776074 0.000400966 0.0015389 -0.252844 0.967506 -1.55133e-05 -0.00014206 -0.000584764 0.00630879 -0.0105823 -0.00234271
5.21004 0.767093 0.000400681 0.001539 -0.252906 0.96749 -0.000125868 -8.96118e-05 -0.00132427 0.00045124 -0.000999971 -8.8734e-06
5.22924 0.756319 0.000399626 0.00154073 -0.253022 0.967459 -0.000178812 8.46198e-05 -0.00055734 -0.000349116 0.000447738 -1.86199e-05
5.25155 0.743799 0.000399817 0.00154088 -0.2528 0.967517 -0.000119852 -4.10678e-05 0.00160054 -0.000809853 0.00174564 -0.000262113
5.26114 0.738421 0.000400919 0.00153994 -0.252696 0.967544 -8.83649e-05 -0.000115667 0.00149702 0.000151133 5.14564e-05 -3.77574e-05
5.27715 0.729442 0.000401557 0.0015395 -0.252726 0.967536 -0.000173315 -9.29573e-05 -0.00897343 -0.0282222 0.0407088 0.00201447
5.28984 0.722325 0.00040109 0.00153895 -0.252941 0.96748 -0.000103035 -0.000111521 -0.00116051 0.00013098 -0.000438865 2.38483e-05
5.30902 0.71156 0.000400061 0.00153992 -0.253045 0.967453 -0.000141526 2.14732e-05 -0.00133657 -9.76314e-05 -0.000177308 0.000189631
5.32505 0.702558 0.000399713 0.00154083 -0.253094 0.96744 -0.000178684 9.09587e-05 -0.000188586 -0.000631622 0.000969668 -3.80608e-06
5.33776 0.695422 0.000399721 0.00154119 -0.252882 0.967496 -5.56259e-05 0.000149799 0.000941091 -0.00069893 0.00135852 0.0017415
5.35378 0.686437 0.000400973 0.00153995 -0.252767 0.967526 -9.19397e-05 -0.000112997 0.00155205 0.000158079 5.23309e-05 -3.5011e-05
5.36653 0.679284 0.000401717 0.00153951 -0.252786 0.967521 -0.000150677 -9.67594e-05 -0.0084418 -0.0279528 0.0436379 0.00086559
5.38566 0.668537 0.000405697 0.00153785 -0.255973 0.966683 -0.000277413 -5.43601e-06 -0.0511954 -0.00431424 -0.00371571 -1.43655e-05
5.40486 0.657494 0.000420088 0.00153539 -0.265848 0.964014 -0.000438054 0.000254558 -0.100328 -0.0102774 -0.00436377 5.6501e-05
5.42382 0.646094 0.000432272 0.00153061 -0.273075 0.961991 -0.000460465 0.000205863 -0.0969676 -0.0180542 0.0119294 0.0058561
5.44258 0.634312 0.000448956 0.00152578 -0.283081 0.959095 -0.000393044 7.4953e-05 -0.0983154 -0.00949606 -0.00549391 -1.62317e-05
5.46114 0.622141 0.00046612 0.00152164 -0.293141 0.956068 -0.000322045 5.05204e-05 -0.100239 -0.0112256 -0.00186197 -7.77327e-05
5.47638 0.611737 0.00047651 0.00151862 -0.300528 0.953772 -0.00025478 8.62281e-05 -0.101434 -0.00826197 -0.00959889 0.000274136
5.48843 0.603234 0.00048759 0.00151562 -0.307878 0.951425 -0.000359404 0.000203549 -0.0998315 -0.0133805 0.00505032 0.000212323
5.50332 0.59239 0.000497877 0.00151208 -0.314663 0.949202 -0.000372417 0.000200747 -0.0991804 -0.0103989 -0.00320087 0.000195164
5.51509 0.583552 0.000508505 0.00150658 -0.321002 0.947077 -0.000469531 0.000189953 -0.0989932 -0.0102834 -0.00400138 2.50176e-05
5.52388 0.576798 0.000518757 0.00150277 -0.327237 0.944941 -0.00043644 0.000164597 -0.0991386 -0.0103756 -0.00385094 -8.77755e-05
5.53841 0.565309 0.000530713 0.00149955 -0.334453 0.942411 -0.000380058 0.000149333 -0.0994148 -0.010591 -0.00335066 -5.2502e-05
5.54987 0.555974 0.000541369 0.00149759 -0.341025 0.940053 -0.000336291 0.000165243 -0.0999795 -0.0111788 -0.000594617 -3.53327e-05
5.56683 0.541683 0.000554952 0.00149049 -0.349454 0.936952 -0.000253789 5.57588e-05 -0.0911741 -0.0105763 -0.00691344 -0.00963749
5.58339 0.527149 0.000570139 0.00148503 -0.359437 0.933168 -0.00039297 0.00017741 -0.0995935 -0.0108525 -0.00208792 5.37277e-05
5.59706 0.514708 0.000581142 0.00147972 -0.366497 0.930418 -0.000429743 0.000225522 -0.0998477 -0.0109524 -0.00204615 9.80863e-05
5.60781 0.504622 0.000592499 0.00147555 -0.373738 0.927533 -0.000430862 0.000277967 -0.100068 -0.0110515 -0.0017351 -2.28531e-05
5.63934 0.473446 0.000619665 0.00146581 -0.390028 0.920802 -0.000205395 0.000309593 -0.0966631 -0.0120407 -0.0179861 0.00232097
5.6621 0.449332 0.000643234 0.00145451 -0.405068 0.914285 -0.000366694 0.00019901 -0.10032 -0.0110908 0.000593988 4.23361e-05
5.68903 0.418822 0.00066853 0.00144462 -0.421813 0.906682 -0.000289054 0.000421428 -0.0997945 -0.0106154 0.00359727 3.34568e-05
5.71928 0.381676 0.000698419 0.00142928 -0.4395 0.898241 -0.000342409 0.000210965 -0.0987026 -0.0106337 0.00260296 -9.72592e-06
5.74583 0.346196 0.000726286 0.00141665 -0.457745 0.889082 -0.000240624 0.000347896 -0.100913 -0.0102628 0.00451677 1.91685e-05
5.99222 -0.0530807 0.000777557 0.00138695 -0.489783 0.871843 -0.000154699 5.74905e-05 0.00054578 -0.000376683 -0.000839978 -3.50445e-05
5.99984 -0.0655927 0.000778312 0.00138814 -0.489764 0.871853 -0.000123352 1.77411e-05 -0.000121657 3.28684e-05 9.41358e-05 -7.86479e-05
6.00941 -0.0813105 0.000778312 0.00138935 -0.489824 0.87182 -0.000130148 0.000120085 -0.0037244 0.00476443 0.0102006 0.00073803
6.02268 -0.10309 0.000777159 0.00138939 -0.489592 0.87195 4.47621e-05 9.79385e-05 -3.06589e-05 -0.00504732 -0.00964817 -0.00194366
6.03223 -0.118742 0.000776792 0.00138782 -0.489565 0.871965 -0.000154607 0.000142974 0.000553432 -0.000475499 -0.000982955 9.94065e-05
6.03983 -0.131219 0.000776836 0.00138704 -0.489534 0.871983 -0.000164044 0.000135759 0.000498389 -0.00057402 -0.00119216 -5.21428e-05
6.04941 -0.146909 0.000777312 0.00138739 -0.489505 0.871999 -0.000147784 4.67031e-05 0.000454402 -0.00050955 -0.00108255 -5.72434e-05
6.06088 -0.165726 0.000778132 0.00138943 -0.489513 0.871994 -9.99513e-05 -4.07331e-06 -0.000831626 0.000959716 0.00211853 -5.09999e-05
6.0685 -0.178219 0.000777665 0.00138952 -0.489593 0.871949 -5.26851e-05 1.30362e-05 6.46682e-05 0.00744517 0.00753228 0.000212891
6.07801 -0.193792 0.000776733 0.00138961 -0.489323 0.872101 1.55163e-05 9.47944e-05 4.38455e-05 -0.00529708 -0.0101487 -0.00239646
6.08373 -0.203159 0.00077638 0.00138821 -0.489299 0.872115 -0.000121321 0.000136596 0.000542043 -0.000400895 -0.000822389 2.22141e-05
6.09518 -0.221912 0.000776386 0.00138729 -0.489267 0.872133 -0.00016455 0.00013794 0.000504491 -0.000572581 -0.00121169 -1.57023e-05
6.10091 -0.231303 0.0007768 0.00138754 -0.48924 0.872148 -0.000150498 5.15849e-05 0.000479485 -0.000529986 -0.00113649 -5.13782e-05
6.10855 -0.243808 0.000777467 0.00138866 -0.489226 0.872156 -0.000122141 1.63738e-05 -0.000151845 4.23016e-05 0.000120562 -8.26213e-05
6.11815 -0.259512 0.000777349 0.0013898 -0.489289 0.87212 -0.000134666 0.000132065 -0.00383876 0.00354562 0.00806662 0.000661488
6.12955 -0.27819 0.000776391 0.00139054 -0.489059 0.872249 -0.000313672 6.05289e-05 0.000261452 0.0172168 0.0325202 0.00399617
6.14289 -0.300005 0.000775902 0.00138786 -0.489018 0.872272 -0.000160273 0.000145038 0.000543768 -0.000525421 -0.00115756 8.58763e-06
6.15247 -0.31567 0.000776131 0.00138756 -0.488987 0.87229 -0.000156029 7.55687e-05 0.000462889 -0.000308072 -0.000779527 -0.000193824
6.16012 -0.328164 0.000776798 0.00138829 -0.488961 0.872304 -0.000138204 3.20487e-05 0.00029931 -0.000129381 -0.000333339 5.02082e-06
6.16777 -0.340669 0.000777242 0.00138982 -0.488975 0.872296 -0.000102152 -1.74913e-06 -0.000747004 0.000721568 0.00167929 -4.72928e-05
6.17735 -0.356345 0.000776782 0.00138998 -0.489058 0.87225 -2.47263e-05 6.23574e-05 -0.000409339 0.00191999 0.00432815 -0.00139413
6.18687 -0.371905 0.000775799 0.00139044 -0.48879 0.8724 -6.06617e-05 9.20686e-05 0.000123707 0.00269029 0.00513954 0.00137954
6.19834 -0.390631 0.000775475 0.00138799 -0.488747 0.872424 -0.000161936 0.000144005 0.000536467 -0.000539141 -0.00118206 4.1731e-06
6.20598 -0.403103 0.000775794 0.00138786 -0.488715 0.872442 -0.000155757 6.04902e-05 0.00051727 -0.000383621 -0.000856641 -2.93964e-05
6.22134 -0.428187 0.00077671 0.00138952 -0.488697 0.872452 -0.000110035 7.65829e-06 -0.00042212 0.000144541 0.000382861 -8.23855e-05
6.2271 -0.437578 0.000776427 0.00139035 -0.488779 0.872406 -6.73712e-05 -0.000230361 0.00111734 -0.00301545 -0.00657493 4.22009e-05
6.23852 -0.456231 0.00077581 0.00138924 -0.488517 0.872553 0.000174742 0.000126458 0.000292465 -0.0217007 -0.0421711 0.000792459
6.24615 -0.468677 0.00077514 0.00138921 -0.488502 0.872561 -9.43444e-05 0.00011989 0.000551541 -0.000395707 -0.000896712 0.000137365
6.25574 -0.484316 0.000775087 0.00138803 -0.488468 0.87258 -0.000164789 0.00013924 0.000512552 -0.000561874 -0.00121326 -1.02297e-05
6.26339 -0.496791 0.000775483 0.00138821 -0.48844 0.872596 -0.000151962 5.37269e-05 0.000494016 -0.000549188 -0.00119432 -4.56911e-05
6.27492 -0.515577 0.000776407 0.00139034 -0.488441 0.872596 -0.000101278 -3.38498e-06 -0.000785792 0.00082877 0.00188882 -5.14445e-05
6.28453 -0.531246 0.000775985 0.00139045 -0.488523 0.87255 -7.25248e-05 1.67747e-05 0.000220258 0.00557435 0.01175 0.00161609
6.29596 -0.549883 0.000774883 0.00139074 -0.488253 0.872701 -5.84278e-05 8.32256e-05 0.000245928 0.000810783 0.00159281 0.00116585
6.30745 -0.568597 0.000774628 0.0013884 -0.488209 0.872725 -0.000163233 0.000142732 0.000530636 -0.000544413 -0.0011955 4.65856e-07
6.31897 -0.587347 0.000775217 0.00138862 -0.488167 0.872749 -0.000147017 4.39332e-05 0.000444672 -0.000496367 -0.0010683 -5.87437e-05
6.33051 -0.606128 0.000776038 0.00139068 -0.488179 0.872742 -9.77531e-05 -6.18372e-06 -0.000920942 0.00120783 0.00266131 -6.40987e-05
6.34202 -0.624874 0.000775597 0.00139033 -0.48824 0.872708 -0.000180558 -2.05563e-06 0.00347921 0.0193832 0.0375511 -0.0012162
6.34961 -0.637232 0.000774417 0.00139079 -0.487982 0.872852 -6.52303e-05 8.70877e-05 0.000348109 2.56299e-05 -3.77335e-05 7.05906e-05
6.36111 -0.655937 0.00077421 0.00138857 -0.487937 0.872877 -0.000164261 0.000141282 0.000523916 -0.000550159 -0.00120614 -3.74449e-06
6.37074 -0.671584 0.00077457 0.00138862 -0.487908 0.872894 -0.000155243 5.63693e-05 0.000544385 -0.000370131 -0.000843506 -3.46904e-05
6.37841 -0.684063 0.000775345 0.00138987 -0.487889 0.872904 -0.000121526 1.49775e-05 -0.000169209 4.40484e-05 0.00013011 -8.33166e-05
6.38805 -0.699739 0.000774895 0.00139098 -0.487959 0.872865 -5.80391e-05 0.000193719 -0.00393668 -0.000557951 -0.000246585 0.000406845
6.39571 -0.712194 0.000774967 0.00138851 -0.487804 0.872952 -0.000213673 3.92558e-05 0.0103905 -0.0138714 -0.0244252 -0.00123721
6.40717 -0.730811 0.000773898 0.00139028 -0.487708 0.873006 -9.50362e-05 9.7813e-05 0.000534979 -0.000366801 -0.000748181 0.000419112
6.41679 -0.746428 0.000773795 0.00138879 -0.487672 0.873026 -0.000164721 0.000140469 0.000520464 -0.000551332 -0.00120999 -5.53953e-06
6.42446 -0.758886 0.000774208 0.00138891 -0.487641 0.873043 -0.000152239 5.33233e-05 0.0004953 -0.000548407 -0.00120436 -4.37865e-05
6.43989 -0.783935 0.000775078 0.00139085 -0.487636 0.873046 -9.92869e-05 1.46261e-06 -0.000666507 0.000344104 0.00114997 -6.83163e-06
6.45142 -0.802657 0.00077466 0.00139016 -0.487627 0.873051 -0.000264887 -1.87498e-05 0.011176 0.011279 0.0204908 0.0101868
6.46479 -0.824353 0.000773398 0.00138981 -0.48743 0.873161 -0.000136655 0.000136217 0.000547439 -0.000452402 -0.00103058 -0.000123881
6.47633 -0.843063 0.000773611 0.001389 -0.487384 0.873187 -0.000155998 6.26582e-05 0.00047936 -0.000401129 -0.000892532 0.000113948
6.48598 -0.858716 0.000774336 0.00138989 -0.487357 0.873201 -0.000134953 2.73636e-05 0.000173965 -9.46903e-05 -0.000223187 -6.80648e-05
6.49755 -0.877474 0.000773317 0.00139157 -0.487447 0.873151 -7.72567e-05 -5.56858e-05 -0.000875473 -0.0170169 -0.0332506 -0.00294777
6.51094 -0.899179 0.000773214 0.00139166 -0.487191 0.873294 -4.7045e-05 9.06463e-05 0.000226382 -0.00117839 -0.00236105 -0.000973369
6.52247 -0.917861 0.00077294 0.00138931 -0.487145 0.87332 -0.000164269 0.0001415 0.00052812 -0.000541415 -0.00120233 -1.09497e-06
6.5379 -0.942854 0.000773586 0.00138964 -0.487102 0.873344 -0.000145229 3.98419e-05 0.000426939 -0.00047541 -0.00103452 -6.38896e-05
6.54561 -0.955325 0.000774178 0.00139099 -0.4871 0.873345 -0.000108217 5.94611e-06 -0.000462046 0.00016596 0.000441599 -8.62116e-05
6.55526 -0.970965 0.000773608 0.00139196 -0.487187 0.873296 -3.99978e-05 0.000164007 -0.00151037 -0.00209876 -0.00380742 -0.00227361
6.5629 -0.983333 0.000772933 0.00139162 -0.486925 0.873442 -1.68663e-05 8.86999e-05 0.000165475 -0.00715342 -0.0140083 -0.00358369
6.57443 -1.00199 0.000772534 0.00138998 -0.486893 0.87346 -0.000159964 0.00014631 0.000552701 -0.00044928 -0.00106607 2.7999e-05
6.586 -1.02069 0.00077285 0.00138953 -0.486849 0.873485 -0.000156013 5.77765e-05 0.000528376 -0.000372448 -0.000854481 -3.14273e-05
6.59567 -1.03633 0.000773587 0.00139059 -0.486827 0.873497 -0.000128467 2.04005e-05 -3.11613e-06 -1.1737e-05 -2.01433e-05 -7.07914e-05
6.60338 -1.0488 0.000774039 0.00139205 -0.486871 0.873473 -0.000103864 3.59511e-05 -0.00256871 0.00649608 0.0133547 0.000454006
6.61877 -1.07368 0.000772537 0.00139308 -0.486661 0.873589 0.000109811 0.000125216 -0.00103652 0.014483 0.0284961 0.00698232
6.63032 -1.09235 0.00077209 0.00139002 -0.486622 0.873611 -0.000161422 0.000143445 0.00054533 -0.00050768 -0.00115589 9.52994e-06
6.63802 -1.10477 0.000772305 0.00138968 -0.486591 0.873629 -0.000158006 7.98836e-05 0.000455855 -0.000453242 -0.00108452 -0.000159965
6.6535 -1.12978 0.000773226 0.00139102 -0.486563 0.873644 -0.000122536 1.49955e-05 -0.000148137 4.00683e-05 0.000118523 -8.24068e-05
6.66121 -1.14223 0.000772356 0.00139221 -0.486642 0.8736 -7.58922e-05 0.000161705 -0.00360659 -0.00595844 -0.0108673 -0.00101488
6.67085 -1.1578 0.000772735 0.00138959 -0.486444 0.87371 -0.000257185 -7.19965e-05 0.00873921 -0.0190895 -0.0419696 0.00749742
6.67851 -1.17016 0.000771773 0.00139133 -0.486379 0.873746 -9.61837e-05 0.000103671 0.000543438 -0.00039147 -0.000866024 0.000141358
6.69397 -1.19509 0.000771787 0.00138987 -0.486333 0.873772 -0.000164987 0.000121834 0.000486971 -0.000541844 -0.00119976 -0.000107244
6.70558 -1.21381 0.000772634 0.00139079 -0.486298 0.873792 -0.000136065 2.78283e-05 0.00020054 -8.96671e-05 -0.000224848 -6.26059e-05
6.71139 -1.22318 0.000773033 0.00139225 -0.486315 0.873782 -0.000100501 -5.1051e-06 -0.00081228 0.00087272 0.00202491 -6.30733e-05
6.7191 -1.23562 0.000772623 0.00139228 -0.486397 0.873736 -0.000111656 9.0986e-07 0.000376152 0.0111628 0.014717 -0.000246235
6.73063 -1.2542 0.000771466 0.00139246 -0.486128 0.873886 -6.21388e-05 8.76636e-05 0.000331074 -0.00020197 -0.00048052 -0.000178014
6.7403 -1.26978 0.000771245 0.0013904 -0.48609 0.873907 -0.000162946 0.000142504 0.000540379 -0.000517567 -0.00117754 6.54925e-06
6.75381 -1.29155 0.000771775 0.00139043 -0.486045 0.873932 -0.000149554 4.61319e-05 0.000463776 -0.000500007 -0.00110826 -5.49383e-05
6.76544 -1.31028 0.000772647 0.00139255 -0.486054 0.873927 -9.84198e-05 -6.90344e-06 -0.000894139 0.00110364 0.00251748 -6.5166e-05
6.78089 -1.33516 0.000771802 0.0013902 -0.485876 0.874026 -4.39723e-05 3.74934e-05 0.00505262 -0.0297182 -0.0592074 0.00566555
6.79246 -1.35378 0.000770857 0.00139099 -0.485837 0.874048 -0.000157245 0.00014129 0.000554059 -0.000487527 -0.00109484 -0.000100215
6.80018 -1.3662 0.000770926 0.00139034 -0.485807 0.874065 -0.000166764 0.000131663 0.000495005 -0.000564664 -0.00123985 -0.000127337
6.80988 -1.3818 0.000771545 0.00139089 -0.485776 0.874082 -0.000143151 3.52278e-05 0.000406474 -0.000448977 -0.000990137 -6.82967e-05
6.82344 -1.40361 0.000772373 0.00139294 -0.485802 0.874068 -9.5831e-05 -3.38815e-06 -0.00154883 0.00322241 0.0077867 7.16719e-05
6.83313 -1.41919 0.000771707 0.0013918 -0.485773 0.874084 -0.000266606 -2.18746e-05 0.0111639 0.0114968 0.0202121 0.0101795
6.8408 -1.43152 0.000770589 0.00139274 -0.485598 0.874181 -7.37177e-05 8.59791e-05 0.000426779 4.26581e-05 -3.31134e-05 5.92737e-05
6.84708 -1.44166 0.000782717 0.00138574 -0.493174 0.869929 -0.000199473 0.000169125 -0.0415151 0.177312 0.33285 0.000624567
6.84735 -1.44212 0.00078275 0.00138562 -0.493306 0.869854 -5.02131e-05 8.236e-05 0.000105468 7.76893e-07 3.84902e-06 4.30274e-08
6.84733 -1.44208 0.000782765 0.00138565 -0.493298 0.869859 -5.00719e-05 8.25485e-05 0.000116313 -5.14205e-07 2.96018e-06 2.01058e-07
6.84731 -1.44206 0.000782773 0.00138567 -0.49329 0.869863 -4.95745e-05 8.30471e-05 0.000123836 2.62606e-05 -1.36706e-05 -4.08206e-07
